4.985350966453552246e-01
-6.557296961545944214e-02
-1.889961212873458862e-02
-3.131569325923919678e-01
3.537139296531677246e-01
2.127905339002609253e-01
-1.997851729393005371e-01
4.624885320663452148e-02
-4.981187283992767334e-01
1.550044566392898560e-01
2.991187274456024170e-01
-3.676584064960479736e-01
-1.272826641798019409e-02
-2.507905364036560059e-01
3.699571192264556885e-01
-9.500140324234962463e-03
8.937159180641174316e-02
2.524090707302093506e-01
-4.791810810565948486e-01
3.452167212963104248e-01
-2.130613476037979126e-01
2.299338579177856445e-01
3.311250805854797363e-01
-3.170707821846008301e-01
-9.315782785415649414e-02
4.107608199119567871e-01
1.884380006231367588e-03
1.232058405876159668e-01
-2.667180001735687256e-01
1.417333781719207764e-01
2.783468067646026611e-01
-4.632951021194458008e-01
1.536249518394470215e-01
-4.983294308185577393e-01
2.054973393678665161e-01
3.707704246044158936e-01
-4.211488068103790283e-01
3.948558866977691650e-01
-4.036908745765686035e-01
3.768102228641510010e-01
-6.296908110380172729e-02
1.543034762144088745e-01
3.932717740535736084e-01
-1.334165930747985840e-01
5.558461323380470276e-02
-6.951779127120971680e-02
4.030042886734008789e-01
4.288690388202667236e-01
-3.511776328086853027e-01
1.370767354965209961e-01
2.704849839210510254e-01
2.284112423658370972e-01
2.715174853801727295e-01
1.058799996972084045e-01
1.794085502624511719e-01
1.616278588771820068e-01
-4.238349795341491699e-01
3.948127329349517822e-01
7.683977484703063965e-02
4.198925197124481201e-01
4.428943395614624023e-01
-1.650563031435012817e-01
3.170109689235687256e-01
3.110193610191345215e-01
2.478859871625900269e-01
4.319100379943847656e-01
5.296255648136138916e-02
2.697861492633819580e-01
5.754385143518447876e-02
1.596879810094833374e-01
2.496501505374908447e-01
3.381868600845336914e-01
2.353539466857910156e-01
-7.398352958261966705e-03
-1.021985616534948349e-02
6.057403609156608582e-02
2.237716764211654663e-01
2.375543564558029175e-01
5.160613059997558594e-01
1.173666585236787796e-02
9.904401004314422607e-02
-3.196218311786651611e-01
1.366033107042312622e-01
4.283467531204223633e-01
2.538239359855651855e-01
3.285492658615112305e-01
-3.497557640075683594e-01
1.905248165130615234e-01
1.901748329401016235e-01
1.338772475719451904e-01
3.903935253620147705e-01
1.379079520702362061e-01
2.041619718074798584e-01
3.253671526908874512e-01
1.448779553174972534e-01
4.619203209877014160e-01
3.922265768051147461e-01
3.753180503845214844e-01
2.815677523612976074e-01
1.424774155020713806e-02
-2.759002447128295898e-01
-2.006856538355350494e-02
9.216129034757614136e-02
3.355724811553955078e-01
3.872071802616119385e-01
-1.827351599931716919e-01
-3.523943126201629639e-01
2.068878263235092163e-01
2.532945275306701660e-01
4.754925072193145752e-01
-4.647751897573471069e-02
-1.972381174564361572e-01
2.865414917469024658e-01
1.594031453132629395e-01
3.922544717788696289e-01
1.402403265237808228e-01
3.649989664554595947e-01
1.392421424388885498e-01
1.574836820363998413e-01
-2.705512009561061859e-02
2.013146281242370605e-01
2.865742146968841553e-01
3.917118608951568604e-01
2.430828362703323364e-01
-9.677544981241226196e-02
