-6.437397003173828125e-02
-6.254601478576660156e-02
-2.119142115116119385e-01
7.786357402801513672e-02
7.367479801177978516e-02
-1.631814837455749512e-01
3.227373957633972168e-02
2.333580851554870605e-01
4.417532682418823242e-02
-4.768761992454528809e-02
6.558203697204589844e-02
1.512792557477951050e-01
2.870813906192779541e-01
-9.151892364025115967e-02
-2.008349001407623291e-01
-3.613975644111633301e-02
2.279069460928440094e-02
-3.040287494659423828e-01
-3.022824227809906006e-01
1.559335440397262573e-01
-4.481122270226478577e-02
-2.285299263894557953e-02
-9.486470371484756470e-02
6.021443381905555725e-02
-1.072641387581825256e-01
4.383195340633392334e-01
-2.694678902626037598e-01
3.644324839115142822e-02
-3.657649755477905273e-01
-1.771348118782043457e-01
-1.071383431553840637e-02
-4.099934920668601990e-02
-6.436108797788619995e-02
5.909883603453636169e-02
1.294492781162261963e-01
1.769975945353507996e-02
-2.767650485038757324e-01
-2.811969220638275146e-01
-7.499246299266815186e-02
1.447756290435791016e-01
-2.386950105428695679e-01
-3.684688210487365723e-01
-6.060752272605895996e-02
-1.852142661809921265e-01
-2.537009716033935547e-01
-8.251179754734039307e-02
1.536886990070343018e-01
2.898853421211242676e-01
-2.260256856679916382e-01
-1.288786679506301880e-01
1.360708754509687424e-02
1.731768399477005005e-01
-6.461915560066699982e-03
-2.712561488151550293e-01
3.489299416542053223e-01
-3.930098116397857666e-01
-7.502748072147369385e-02
1.151443570852279663e-01
-1.168246939778327942e-01
-1.577621102333068848e-01
2.049434036016464233e-01
-5.192011222243309021e-02
-2.223132103681564331e-01
-6.194673478603363037e-02
3.814350813627243042e-02
-3.350687921047210693e-01
2.118017524480819702e-01
-2.324706763029098511e-01
-9.194461628794670105e-03
2.803059816360473633e-01
1.392120420932769775e-01
1.936745643615722656e-01
2.915609776973724365e-01
-4.105648398399353027e-01
-3.393703997135162354e-01
2.258073911070823669e-02
-2.433883100748062134e-01
1.452478766441345215e-02
-3.579897582530975342e-01
-4.675682187080383301e-01
2.462867647409439087e-01
-2.768361382186412811e-02
-1.556608974933624268e-01
1.284377276897430420e-01
2.002398371696472168e-01
-1.678671240806579590e-01
6.781831383705139160e-02
1.292864233255386353e-01
-1.546143591403961182e-01
1.756920665502548218e-01
-1.290310174226760864e-01
1.474099755287170410e-01
1.170611307024955750e-01
3.296489417552947998e-01
-8.217090368270874023e-02
1.541963815689086914e-01
-3.314695954322814941e-01
2.052430659532546997e-01
-2.565470635890960693e-01
2.666431367397308350e-01
2.429110556840896606e-01
2.761374413967132568e-01
6.009070947766304016e-02
1.873015612363815308e-02
-3.870133161544799805e-01
-7.481374591588973999e-02
-1.985983848571777344e-01
2.990202605724334717e-01
1.710612773895263672e-01
-3.315472304821014404e-01
2.097334414720535278e-01
-7.333903014659881592e-02
-1.123014762997627258e-01
5.631742067635059357e-03
-9.421463310718536377e-02
2.416243553161621094e-01
2.621876299381256104e-01
6.067028269171714783e-02
-1.141789183020591736e-01
2.309487015008926392e-01
-1.178394034504890442e-01
1.267759799957275391e-01
1.003552973270416260e-01
-4.529217258095741272e-02
-2.475363761186599731e-01
-7.450705021619796753e-02
2.292970418930053711e-01
-2.492761164903640747e-01
9.662565588951110840e-02
-1.938531398773193359e-01
-1.281185001134872437e-01
1.234133914113044739e-01
-3.007484078407287598e-01
-1.978091001510620117e-01
2.431584149599075317e-01
9.156313724815845490e-03
7.842340320348739624e-02
1.720007956027984619e-01
2.335194349288940430e-01
1.372242122888565063e-01
1.608083546161651611e-01
1.815451830625534058e-01
3.142488002777099609e-01
-7.425101846456527710e-02
-1.367548406124114990e-01
-2.403104156255722046e-01
-4.229305386543273926e-01
-1.309052854776382446e-01
6.844206154346466064e-02
-1.615459322929382324e-01
-2.781431972980499268e-01
-2.903275936841964722e-02
8.393552899360656738e-02
-2.009393833577632904e-02
-2.640656232833862305e-01
-8.230806328356266022e-03
-2.444633990526199341e-01
2.621793560683727264e-02
2.013119906187057495e-01
7.302973419427871704e-02
-3.128113448619842529e-01
1.846936643123626709e-01
-3.073990941047668457e-01
3.297224938869476318e-01
5.524856224656105042e-02
1.950971782207489014e-01
-2.356059998273849487e-01
-1.323572844266891479e-01
-2.872141003608703613e-01
2.548284530639648438e-01
-3.017823100090026855e-01
1.271445006132125854e-01
-2.614664137363433838e-01
2.205808088183403015e-02
2.908052131533622742e-02
1.003635898232460022e-01
2.304033786058425903e-01
-9.922689944505691528e-02
-4.311030730605125427e-02
9.305833838880062103e-03
-6.305480748414993286e-02
-1.952691525220870972e-01
3.291000127792358398e-01
-4.581578448414802551e-02
-2.658271193504333496e-01
5.317337065935134888e-02
-1.420175880193710327e-01
-1.386024653911590576e-01
2.699174284934997559e-01
-6.898748874664306641e-02
2.573859691619873047e-01
1.669687330722808838e-01
1.473622769117355347e-01
-1.889808177947998047e-01
2.114670276641845703e-01
2.428259104490280151e-01
1.461289227008819580e-01
2.510711736977100372e-02
-2.085557729005813599e-01
1.228678375482559204e-01
7.766398787498474121e-02
-4.984738305211067200e-02
7.668701559305191040e-02
7.878061383962631226e-02
2.530531883239746094e-01
-1.863977611064910889e-01
6.048161536455154419e-02
-9.427539072930812836e-03
2.597630620002746582e-01
-1.306646019220352173e-01
6.624814867973327637e-02
-1.778908520936965942e-01
1.348240971565246582e-01
-1.370087265968322754e-01
2.531855404376983643e-01
2.513166666030883789e-01
-3.685353398323059082e-01
9.681015461683273315e-02
-2.205291986465454102e-01
2.244948744773864746e-01
-4.458760842680931091e-02
-8.671459555625915527e-02
-2.731765210628509521e-01
-9.524369239807128906e-02
8.265386521816253662e-02
2.673279345035552979e-01
-1.613726615905761719e-01
9.869908541440963745e-02
9.620309621095657349e-02
1.193855539895594120e-03
1.488749980926513672e-01
-2.782989740371704102e-01
-2.182136625051498413e-01
-2.468112409114837646e-01
5.978002399206161499e-02
-3.801397746428847313e-03
-5.587483942508697510e-02
3.678340231999754906e-03
2.123510688543319702e-01
-1.621002331376075745e-02
-2.593276277184486389e-02
-1.367727071046829224e-01
-4.443349242210388184e-01
-2.036441713571548462e-01
-2.152818441390991211e-01
1.209919620305299759e-02
-2.522403895854949951e-01
1.794351488351821899e-01
2.574325352907180786e-02
1.861227154731750488e-01
1.239607483148574829e-01
4.283811748027801514e-01
-2.803356945514678955e-01
-1.558747291564941406e-01
-1.765683740377426147e-01
3.820323571562767029e-02
-2.666814327239990234e-01
-1.212405711412429810e-01
-2.187791913747787476e-01
-8.264662325382232666e-02
-3.854928910732269287e-01
6.209065392613410950e-02
-7.371408492326736450e-02
-2.420159801840782166e-02
1.267274618148803711e-01
1.148119196295738220e-01
-3.529338538646697998e-01
6.369891762733459473e-02
4.555377736687660217e-02
-1.671023666858673096e-01
1.077072843909263611e-01
1.456586271524429321e-02
2.423218339681625366e-01
1.354430019855499268e-01
-1.030229479074478149e-01
-2.756963968276977539e-01
-4.340081810951232910e-01
1.689833402633666992e-01
-1.353153139352798462e-01
1.264212727546691895e-01
1.312938779592514038e-01
-1.043983828276395798e-02
2.466966211795806885e-02
-3.181614875793457031e-01
-6.253370642662048340e-02
-7.560886442661285400e-02
-2.211759388446807861e-01
6.604522466659545898e-02
-5.682038515806198120e-02
2.746123671531677246e-01
1.234803646802902222e-01
-3.854733109474182129e-01
-2.026801109313964844e-01
-2.608497738838195801e-01
-6.000726670026779175e-02
-1.055943146347999573e-01
2.093044668436050415e-01
-2.698632776737213135e-01
-2.253200411796569824e-01
2.224351763725280762e-01
-1.536735892295837402e-01
1.847576200962066650e-01
-1.411807984113693237e-01
-2.493755072355270386e-01
3.446653783321380615e-01
-4.883364140987396240e-01
-2.084196805953979492e-01
9.134761989116668701e-02
-1.933272331953048706e-01
1.793003678321838379e-01
4.783418774604797363e-02
1.397414207458496094e-01
-1.394019424915313721e-01
-2.861165702342987061e-01
3.490519151091575623e-02
1.081215292215347290e-01
-1.398642547428607941e-02
-2.036669105291366577e-01
2.038385719060897827e-02
-2.611121833324432373e-01
2.972508370876312256e-01
-3.044551610946655273e-01
1.301434636116027832e-01
-1.374007463455200195e-01
-2.406125664710998535e-01
-2.340368032455444336e-01
1.387230753898620605e-01
-9.620737284421920776e-02
-3.036491759121417999e-02
-2.210890948772430420e-01
-1.949127912521362305e-01
-1.076847165822982788e-01
-7.134241610765457153e-02
-4.237123131752014160e-01
1.269642114639282227e-01
8.310840278863906860e-02
3.672544062137603760e-01
-2.729452848434448242e-01
-1.429541558027267456e-01
-8.591052144765853882e-02
-2.461155652999877930e-01
-3.002111315727233887e-01
-2.372638434171676636e-01
2.123069018125534058e-01
-2.536068260669708252e-01
-1.396197825670242310e-01
-6.038239970803260803e-02
2.649839222431182861e-01
1.101188212633132935e-01
8.902264386415481567e-02
2.046512812376022339e-01
3.592653572559356689e-01
-5.192659497261047363e-01
-2.815467417240142822e-01
-1.760991066694259644e-01
1.663823574781417847e-01
2.387787103652954102e-01
-6.129337102174758911e-02
-3.243913352489471436e-01
1.161524876952171326e-01
-2.250084131956100464e-01
-2.890889942646026611e-01
4.494127817451953888e-03
1.572389006614685059e-01
2.095690071582794189e-01
1.000363975763320923e-01
1.812252551317214966e-01
-1.282262206077575684e-01
-3.676918745040893555e-01
2.264085784554481506e-02
2.174848914146423340e-01
-1.160440668463706970e-01
-3.614612519741058350e-01
-2.123512029647827148e-01
3.309256136417388916e-01
-1.197817549109458923e-01
-3.981730341911315918e-02
6.929200142621994019e-02
2.951922640204429626e-02
2.035732418298721313e-01
-2.243737429380416870e-01
-2.156162559986114502e-01
1.375321447849273682e-01
2.182665914297103882e-01
2.394780665636062622e-01
2.558132410049438477e-01
1.249248832464218140e-01
-2.843637466430664062e-01
-1.509246230125427246e-01
2.287443578243255615e-01
2.472032010555267334e-01
-2.025388330221176147e-01
-1.033919006586074829e-01
2.616488635540008545e-01
5.174313206225633621e-03
2.884602546691894531e-01
4.811670258641242981e-02
1.168998405337333679e-01
-5.175053700804710388e-02
-2.348771989345550537e-01
-3.287364244461059570e-01
-2.818524837493896484e-01
-1.734337806701660156e-01
1.108416616916656494e-01
1.215309873223304749e-01
2.580783665180206299e-01
-1.194559484720230103e-01
1.704241037368774414e-01
7.501216232776641846e-02
2.662404440343379974e-02
2.827069349586963654e-02
-2.154345214366912842e-01
-2.190410494804382324e-01
2.416895925998687744e-01
1.769264601171016693e-02
7.531893998384475708e-02
-1.867010742425918579e-01
9.553840011358261108e-02
-7.359521090984344482e-02
1.487535983324050903e-01
1.861374974250793457e-01
-8.203434944152832031e-02
2.770393788814544678e-01
-9.348502382636070251e-03
-2.898201346397399902e-01
1.341909319162368774e-01
-1.838453859090805054e-01
-1.372527033090591431e-01
6.659933179616928101e-02
-4.747826606035232544e-03
-1.373020261526107788e-01
-2.104808092117309570e-01
1.877174153923988342e-02
-5.128097906708717346e-02
1.857421398162841797e-01
-2.781795561313629150e-01
-2.599944472312927246e-01
2.629439532756805420e-01
2.229568213224411011e-01
-2.501532137393951416e-01
1.973703354597091675e-01
-2.185325473546981812e-01
-1.020825579762458801e-01
-2.139412611722946167e-01
1.591327637434005737e-01
-2.294660061597824097e-01
2.925562262535095215e-01
-2.036870457231998444e-02
1.170738264918327332e-01
-2.858691215515136719e-01
2.577988803386688232e-01
1.219829842448234558e-01
1.379008889198303223e-01
-2.239825278520584106e-01
-3.806192800402641296e-02
-1.502289175987243652e-01
-2.531809210777282715e-01
2.959694862365722656e-01
8.832310885190963745e-02
-3.257500007748603821e-02
-8.553892374038696289e-02
3.238784074783325195e-01
-2.229876965284347534e-01
9.388145804405212402e-02
9.357570111751556396e-02
-2.677874267101287842e-01
-1.322001218795776367e-01
1.575085371732711792e-01
-6.331804394721984863e-02
3.139165341854095459e-01
2.070873528718948364e-01
3.017715811729431152e-01
1.619555950164794922e-01
6.130084022879600525e-02
-5.125692114233970642e-02
-2.651348114013671875e-01
1.455068588256835938e-01
-8.591342717409133911e-02
1.169276311993598938e-01
2.619910240173339844e-02
1.992055326700210571e-01
-1.089448258280754089e-01
-2.798130810260772705e-01
-4.603579938411712646e-01
-2.845045924186706543e-01
2.217963486909866333e-01
-5.773553997278213501e-02
1.165278628468513489e-01
-3.061459660530090332e-01
6.864985078573226929e-02
-3.714045882225036621e-02
-2.013009935617446899e-01
-1.701328158378601074e-01
2.336095720529556274e-01
-1.072765216231346130e-01
-1.075855689123272896e-03
-2.720566093921661377e-01
-1.978838592767715454e-01
1.079912409186363220e-01
9.195294976234436035e-02
-1.313187927007675171e-01
1.259796414524316788e-02
3.456028103828430176e-01
-1.582938432693481445e-01
-3.131068944931030273e-01
-3.599029779434204102e-01
4.284847155213356018e-02
4.278963208198547363e-01
-2.117900699377059937e-01
-5.965974926948547363e-01
1.511368453502655029e-01
1.449594199657440186e-01
3.788231909275054932e-01
-2.174807488918304443e-01
-7.971988618373870850e-02
-2.883376181125640869e-01
-1.078464984893798828e-01
2.995080053806304932e-01
-4.250620901584625244e-01
-2.342962920665740967e-01
3.034471571445465088e-01
3.608111143112182617e-01
-2.119813263416290283e-01
-2.716573476791381836e-01
-2.928986847400665283e-01
2.353153526782989502e-01
1.106520295143127441e-01
2.876783534884452820e-02
-3.634034693241119385e-01
-2.254412621259689331e-01
2.413808107376098633e-01
5.232539400458335876e-02
2.415675669908523560e-01
-1.407743841409683228e-01
-1.713815033435821533e-01
-7.584589719772338867e-02
-1.994172111153602600e-02
-1.010263115167617798e-01
3.324876725673675537e-02
-1.938596516847610474e-01
2.051064074039459229e-01
-5.273992568254470825e-02
6.530160456895828247e-02
-9.053409099578857422e-02
2.602634131908416748e-01
1.556634157896041870e-01
5.399115383625030518e-02
1.358980834484100342e-01
-4.515391588211059570e-01
-1.693165898323059082e-01
-9.671452641487121582e-02
-3.295440375804901123e-01
-1.395985633134841919e-01
1.145894601941108704e-01
1.467855572700500488e-01
-1.876223534345626831e-01
-1.621846668422222137e-02
1.955723613500595093e-01
1.336083263158798218e-01
4.637986794114112854e-02
-1.234547570347785950e-01
-1.583037525415420532e-01
1.893905848264694214e-01
-2.101550847291946411e-01
-7.264706492424011230e-02
1.029850170016288757e-01
3.435833752155303955e-01
-3.383929431438446045e-01
2.420178353786468506e-01
1.157884970307350159e-01
1.596559137105941772e-01
-1.731455326080322266e-01
1.841750890016555786e-01
2.090258710086345673e-02
9.196016192436218262e-02
2.223820537328720093e-01
4.581924155354499817e-02
-3.205493092536926270e-01
2.743847072124481201e-01
1.989502310752868652e-01
1.832837909460067749e-01
7.677139341831207275e-02
-1.433389782905578613e-01
1.555545479059219360e-01
8.145233988761901855e-02
2.176133096218109131e-01
1.450097709894180298e-01
-3.624023497104644775e-02
-1.709081828594207764e-01
-1.372371166944503784e-01
1.810118854045867920e-01
-1.006075367331504822e-01
-1.247818768024444580e-01
-1.687795817852020264e-01
-1.793310940265655518e-01
1.579398214817047119e-01
-3.843692690134048462e-02
-1.937033385038375854e-01
-2.545391209423542023e-02
2.049423158168792725e-01
4.480342566967010498e-02
-1.719299256801605225e-01
1.988311856985092163e-01
-1.760231256484985352e-01
1.056671068072319031e-01
-2.480437010526657104e-01
1.889675110578536987e-01
-3.274266421794891357e-01
-1.110930815339088440e-01
-1.234385520219802856e-01
-1.322162896394729614e-01
-9.399246424436569214e-02
2.522894442081451416e-01
-1.240147575736045837e-01
8.824747800827026367e-02
-4.113867133855819702e-02
1.625225245952606201e-01
-1.169609576463699341e-01
1.596995890140533447e-01
-3.851617872714996338e-01
-8.209389448165893555e-02
-1.310410201549530029e-01
2.996751964092254639e-01
3.213400840759277344e-01
-6.322468817234039307e-02
-2.953914403915405273e-01
1.580983698368072510e-01
1.368004679679870605e-01
-1.285051405429840088e-01
2.237978391349315643e-02
-2.170505672693252563e-01
3.814837336540222168e-01
6.016420945525169373e-02
-1.013425886631011963e-01
2.462613433599472046e-01
-2.829147279262542725e-01
2.930152118206024170e-01
2.213056385517120361e-01
-1.790713220834732056e-01
-3.970856666564941406e-01
-2.211489528417587280e-01
3.615380227565765381e-01
-2.503025829792022705e-01
9.536947309970855713e-02
4.882294218987226486e-03
1.531660407781600952e-01
-2.892880141735076904e-01
3.040041029453277588e-01
-4.626389741897583008e-01
-1.828427165746688843e-01
2.256893366575241089e-01
-3.257341980934143066e-01
1.532463170588016510e-02
7.247432321310043335e-02
1.559748873114585876e-02
-3.431125730276107788e-02
1.096462085843086243e-01
2.579336464405059814e-01
-2.341459691524505615e-01
1.794028878211975098e-01
-4.953425005078315735e-02
1.291236430406570435e-01
3.528039529919624329e-02
-6.378249265253543854e-03
1.601941436529159546e-01
-5.170911550521850586e-01
-3.895420432090759277e-01
-1.068222448229789734e-01
-7.782614231109619141e-02
2.379999607801437378e-01
2.388017475605010986e-01
-2.439072728157043457e-01
-1.324944477528333664e-02
1.151875481009483337e-01
-3.034616112709045410e-01
1.296481192111968994e-01
-1.291664391756057739e-01
1.093775033950805664e-03
2.023402974009513855e-02
1.994690448045730591e-01
4.878591373562812805e-02
1.737495511770248413e-02
1.959273070096969604e-01
1.489385068416595459e-01
-2.960458993911743164e-01
2.990804612636566162e-01
-8.722700178623199463e-02
-5.788769200444221497e-02
7.090136408805847168e-02
-8.820036798715591431e-02
-1.207749918103218079e-01
-5.876492708921432495e-02
-1.579064279794692993e-01
1.868862360715866089e-01
-2.815217971801757812e-01
1.582391411066055298e-01
8.377693593502044678e-02
-1.837444454431533813e-01
-1.383340507745742798e-01
-7.476317137479782104e-02
1.386814266443252563e-01
6.169481202960014343e-02
-1.022152602672576904e-01
-2.722443640232086182e-01
-6.399383395910263062e-02
-4.793611913919448853e-02
-4.720323532819747925e-02
-2.459597885608673096e-01
1.704370081424713135e-01
2.544420659542083740e-01
2.061870992183685303e-01
2.343887388706207275e-01
2.521006762981414795e-02
1.982515305280685425e-01
-2.215066999197006226e-01
-1.653980910778045654e-01
2.459157854318618774e-01
1.482227593660354614e-01
-1.181850396096706390e-02
-2.196871042251586914e-01
2.392974644899368286e-01
1.350774802267551422e-02
1.741609275341033936e-01
1.614194959402084351e-01
-7.911707274615764618e-03
-2.648361027240753174e-01
-3.691326081752777100e-02
1.552258133888244629e-01
-2.753471732139587402e-01
-1.978168487548828125e-01
2.651179730892181396e-01
2.309622317552566528e-01
1.530307233333587646e-01
2.429439276456832886e-01
-2.501763105392456055e-01
-6.246697902679443359e-02
8.879765123128890991e-02
-2.491263598203659058e-01
1.099927797913551331e-01
-6.948525458574295044e-02
-3.728708624839782715e-02
2.279031574726104736e-01
2.102051675319671631e-01
1.913917958736419678e-01
6.270500272512435913e-02
1.343261729925870895e-02
1.547227352857589722e-01
-1.077181310392916203e-03
-2.627410292625427246e-01
-3.833387196063995361e-01
-2.815285027027130127e-01
1.802030801773071289e-01
-3.196151927113533020e-02
4.643600061535835266e-02
5.652815848588943481e-02
2.898404896259307861e-01
-1.741924881935119629e-01
2.110785245895385742e-01
1.130126938223838806e-01
-2.209044098854064941e-01
-2.216362059116363525e-01
7.095383852720260620e-02
-2.031418979167938232e-01
3.108812868595123291e-01
-4.398921504616737366e-03
9.783465415239334106e-02
4.181786254048347473e-02
-3.608610033988952637e-01
-1.145925372838973999e-01
-1.061591878533363342e-01
-3.070003688335418701e-01
2.340224236249923706e-01
-1.166532039642333984e-01
1.917560249567031860e-01
1.520188599824905396e-01
2.197208851575851440e-01
6.793202832341194153e-03
-1.765255331993103027e-01
-6.339412927627563477e-02
-1.757637262344360352e-01
-9.841500967741012573e-02
-1.178013831377029419e-01
-1.121097654104232788e-01
8.728332817554473877e-03
-4.874412715435028076e-02
2.209786325693130493e-01
-2.289863973855972290e-01
-2.232859879732131958e-01
3.765061870217323303e-02
1.293379366397857666e-01
1.906346976757049561e-01
-1.790014505386352539e-01
-1.644008010625839233e-01
-7.131759077310562134e-02
-2.358642667531967163e-01
-1.740296185016632080e-01
2.128130346536636353e-01
4.190291464328765869e-02
-4.665262997150421143e-02
-8.826039731502532959e-03
-8.799174427986145020e-02
-3.516503050923347473e-02
1.041234061121940613e-01
7.361987978219985962e-02
-3.889342844486236572e-01
-3.352931439876556396e-01
-2.597575485706329346e-01
3.985580503940582275e-01
-6.800516694784164429e-02
-3.173584640026092529e-01
1.884491890668869019e-01
-8.335037529468536377e-02
-2.757068574428558350e-01
6.196027994155883789e-02
8.575444668531417847e-02
1.331342607736587524e-01
2.075012177228927612e-01
-3.337238430976867676e-01
-2.614227123558521271e-02
-8.584930747747421265e-02
1.749258935451507568e-01
-8.286264538764953613e-02
-2.000717818737030029e-01
-1.779016554355621338e-01
1.104659512639045715e-01
-3.569640684872865677e-03
-4.287204518914222717e-02
-1.366419643163681030e-01
-2.200425416231155396e-01
1.339016258716583252e-01
2.215027511119842529e-01
2.577063441276550293e-01
1.575919985771179199e-01
-2.177481167018413544e-02
1.525526046752929688e-01
-2.324765324592590332e-01
6.328260898590087891e-02
4.491140246391296387e-01
8.225118368864059448e-02
-3.551387414336204529e-02
9.649461717344820499e-04
2.487023323774337769e-01
1.446264684200286865e-01
-3.494918942451477051e-01
-7.412111759185791016e-02
-3.982163667678833008e-01
2.006162256002426147e-01
-1.728667020797729492e-01
6.617838144302368164e-02
-1.953091621398925781e-01
4.303712025284767151e-02
2.178201377391815186e-01
-1.067145019769668579e-01
-1.078697741031646729e-01
2.537834830582141876e-02
6.396133103407919407e-04
1.774463355541229248e-01
-3.050376474857330322e-01
-5.209402441978454590e-01
3.669487535953521729e-01
-1.121457144618034363e-01
3.180650472640991211e-01
2.079554796218872070e-01
2.310686744749546051e-02
-3.599258661270141602e-01
1.245533451437950134e-01
-4.256243407726287842e-01
1.119546070694923401e-01
-7.304407656192779541e-02
-5.348782986402511597e-03
-1.764734983444213867e-01
-7.453844696283340454e-02
2.399725317955017090e-01
1.543359607458114624e-01
-2.659240663051605225e-01
1.482137590646743774e-01
-1.028517559170722961e-01
1.199085339903831482e-01
4.722747206687927246e-02
-3.268568962812423706e-02
-2.425632625818252563e-02
-2.637539207935333252e-01
2.799088060855865479e-01
1.629425734281539917e-01
-7.771978527307510376e-02
1.311441659927368164e-01
2.666466832160949707e-01
-1.298576444387435913e-01
4.644708707928657532e-02
8.500488847494125366e-02
1.324695646762847900e-01
1.244894266128540039e-01
-1.089297309517860413e-01
-2.143987417221069336e-01
-1.370922029018402100e-01
-1.411431431770324707e-01
1.249150261282920837e-01
1.864472776651382446e-01
-1.264292597770690918e-01
-6.266375631093978882e-02
-2.930616438388824463e-01
-1.731618046760559082e-01
-9.501451998949050903e-02
-2.699890732765197754e-01
-1.301042269915342331e-02
-6.363976001739501953e-02
-1.595594286918640137e-01
-8.346618711948394775e-02
-1.479985117912292480e-01
-1.828587241470813751e-02
6.144250556826591492e-02
2.705392614006996155e-02
2.337941527366638184e-02
-3.197877407073974609e-01
3.355590999126434326e-01
-1.953708827495574951e-01
-2.374747544527053833e-01
-1.157893016934394836e-01
9.542568773031234741e-02
-4.006777703762054443e-01
-6.933630257844924927e-02
-2.431277632713317871e-01
1.806643009185791016e-01
-1.207389011979103088e-01
1.835024058818817139e-01
-2.993810772895812988e-01
7.299385219812393188e-02
-6.468877196311950684e-02
1.427783668041229248e-01
7.475808262825012207e-02
1.089572235941886902e-01
-1.859121769666671753e-01
4.848600178956985474e-02
-2.911629080772399902e-01
-7.315495610237121582e-02
2.163279801607131958e-01
1.889801472425460815e-01
1.883617937564849854e-01
3.008528053760528564e-01
-1.479008346796035767e-01
-1.601186543703079224e-01
1.774658560752868652e-01
-2.892052531242370605e-01
2.379895150661468506e-01
2.573099732398986816e-01
-4.011740386486053467e-01
-1.930207014083862305e-01
8.511462062597274780e-02
9.052101522684097290e-02
-9.271549433469772339e-02
-2.143164128065109253e-01
-1.402608901262283325e-01
3.114943020045757294e-02
2.201500535011291504e-01
-9.934790432453155518e-02
2.418191581964492798e-01
9.201201796531677246e-02
-1.167441084980964661e-01
1.324020773172378540e-01
2.524631619453430176e-01
-6.661219149827957153e-02
5.055383965373039246e-02
-1.421545296907424927e-01
-7.291221618652343750e-02
-2.763115763664245605e-01
2.571488022804260254e-01
-1.968796923756599426e-02
1.763925701379776001e-01
2.278688251972198486e-01
-2.407054007053375244e-01
1.784276664257049561e-01
3.296752572059631348e-01
1.920932382345199585e-01
-2.493647858500480652e-02
1.771317869424819946e-01
2.622462576255202293e-03
6.860138475894927979e-02
4.213738441467285156e-02
-2.244107723236083984e-01
-2.811430990695953369e-01
-2.785354107618331909e-02
1.851581484079360962e-01
2.026730179786682129e-01
-6.785085797309875488e-02
7.033733278512954712e-02
-2.184688597917556763e-01
2.749959528446197510e-01
-1.951926648616790771e-01
-1.372082829475402832e-01
-3.160329163074493408e-01
1.054019033908843994e-01
7.667395472526550293e-02
1.938259787857532501e-02
-3.245069980621337891e-01
3.409579098224639893e-01
1.577679514884948730e-01
5.823639407753944397e-02
-4.077925905585289001e-02
-3.567807972431182861e-01
2.411232097074389458e-03
