-7.364701479673385620e-02
-9.007542394101619720e-03
-1.007951870560646057e-01
2.036096304655075073e-01
-1.110406816005706787e-01
-1.922958046197891235e-01
1.920629590749740601e-01
7.635095715522766113e-02
-1.245295908302068710e-02
9.230602532625198364e-02
-1.224553808569908142e-01
7.282080501317977905e-02
9.937494248151779175e-02
-6.850544363260269165e-02
-2.291331812739372253e-02
2.455647662281990051e-02
-1.281787604093551636e-01
-1.561441570520401001e-01
7.407186087220907211e-03
1.178082078695297241e-01
-6.093078851699829102e-02
1.911727041006088257e-01
-9.735867381095886230e-02
-5.240144580602645874e-02
3.805480524897575378e-02
-1.273682713508605957e-01
-7.327822037041187286e-03
-3.255043178796768188e-02
1.906191408634185791e-01
-8.725562132894992828e-03
-5.931161344051361084e-02
7.511557079851627350e-03
-1.729861050844192505e-01
-1.460575312376022339e-01
3.849378228187561035e-02
-2.175284475088119507e-01
1.986554414033889771e-01
-1.313619017601013184e-01
1.964891701936721802e-01
-7.901600003242492676e-02
-9.325271099805831909e-02
-9.053705260157585144e-03
-1.830633282661437988e-01
-1.215102821588516235e-01
5.784749053418636322e-03
1.417812556028366089e-01
-1.391949206590652466e-01
-8.980138227343559265e-03
1.226193159818649292e-01
-3.669013082981109619e-02
1.164066940546035767e-01
-1.638903915882110596e-01
-1.195340901613235474e-01
7.163944095373153687e-02
-2.276324480772018433e-01
-2.088403701782226562e-01
1.071999967098236084e-01
1.139653697609901428e-01
2.233746796846389771e-01
4.021253436803817749e-02
-1.021969839930534363e-01
1.349035352468490601e-01
1.606956422328948975e-01
1.031856611371040344e-01
-1.327612102031707764e-01
-2.056384645402431488e-02
2.624447224661707878e-03
3.393655270338058472e-02
2.166704833507537842e-01
-1.152713149785995483e-01
2.139947377145290375e-02
-4.495969787240028381e-02
-1.012024804949760437e-01
7.202875614166259766e-02
-8.654228597879409790e-02
-1.699446439743041992e-01
1.486610174179077148e-01
2.800555899739265442e-02
-2.373931929469108582e-02
-2.219385653734207153e-01
-1.766628921031951904e-01
2.261992841958999634e-01
7.183068245649337769e-02
1.026859041303396225e-02
-1.424381732940673828e-01
9.954237192869186401e-02
4.136573895812034607e-02
1.359200198203325272e-02
2.344096153974533081e-01
-6.172816455364227295e-02
9.799758344888687134e-02
-1.408256441354751587e-01
-1.051374003291130066e-01
2.198669016361236572e-01
-1.285603940486907959e-01
-1.283125132322311401e-01
-8.970836177468299866e-03
-1.160747259855270386e-01
-1.616017967462539673e-01
-1.276500225067138672e-01
-1.335531026124954224e-01
-4.722344875335693359e-02
9.877660870552062988e-02
4.682926088571548462e-02
-1.453376710414886475e-01
-1.472135782241821289e-01
-1.035563498735427856e-01
-4.564002156257629395e-02
8.317530900239944458e-02
1.463459804654121399e-02
-1.999468356370925903e-01
1.195417270064353943e-01
-1.229331567883491516e-01
-2.160408720374107361e-02
-1.959777772426605225e-01
-2.158624529838562012e-01
1.245690509676933289e-01
-1.920261681079864502e-01
-1.242065988481044769e-02
-8.603794127702713013e-02
7.974416762590408325e-02
6.270746886730194092e-02
-1.731677651405334473e-01
2.697240747511386871e-02
-2.107868790626525879e-01
