-8.087360300123691559e-03
-1.242674794048070908e-02
1.561630330979824066e-02
-7.956913672387599945e-03
1.905940473079681396e-03
-1.254698447883129120e-02
5.273226648569107056e-03
-1.230454631149768829e-02
2.474216045811772346e-03
-6.738362368196249008e-03
-3.441528882831335068e-03
1.014432497322559357e-02
5.294111557304859161e-03
-7.479060906916856766e-03
2.358225919306278229e-02
7.904395461082458496e-03
-1.208811253309249878e-02
8.469094522297382355e-03
1.075369585305452347e-02
1.268979720771312714e-02
4.754497669637203217e-03
1.312644965946674347e-02
2.107687853276729584e-02
5.663949064910411835e-03
-2.708174753934144974e-03
1.834851689636707306e-02
3.029783954843878746e-03
-2.682356536388397217e-02
1.555800065398216248e-02
1.222692057490348816e-02
-1.083058305084705353e-02
8.013826794922351837e-03
7.661064621061086655e-03
-2.239868789911270142e-02
1.060094684362411499e-02
-1.382836978882551193e-02
-1.508864224888384342e-03
4.085696768015623093e-03
3.295309469103813171e-02
-1.426514703780412674e-02
-1.526541449129581451e-02
9.391970932483673096e-03
-2.119082398712635040e-02
-5.068139731884002686e-02
-6.701254751533269882e-03
5.557410884648561478e-03
-1.846033148467540741e-02
-2.473048865795135498e-02
2.872874774038791656e-02
9.714948944747447968e-03
7.798780687153339386e-03
-2.957089338451623917e-03
4.281112924218177795e-02
2.365067368373274803e-03
-1.294192299246788025e-02
1.849880814552307129e-02
1.542929653078317642e-02
-4.314730688929557800e-02
-1.511023938655853271e-02
1.339374226517975330e-03
-9.148804470896720886e-03
-9.489636868238449097e-03
2.629649126902222633e-03
-5.007822892366675660e-06
-1.578485127538442612e-03
4.993958864361047745e-03
2.712276764214038849e-03
9.285110980272293091e-03
3.431222960352897644e-02
-1.187365924124605954e-04
-1.114048901945352554e-02
-2.446710132062435150e-03
1.635893806815147400e-02
-2.158378809690475464e-02
-5.661573261022567749e-03
2.787037985399365425e-03
2.000434696674346924e-02
-2.872368134558200836e-02
-2.378612384200096130e-02
1.397102256305515766e-03
-6.530765909701585770e-03
-5.510374438017606735e-03
5.015136674046516418e-02
3.536453470587730408e-02
-8.898513391613960266e-03
1.350017078220844269e-02
2.294607693329453468e-03
-4.885595291852951050e-03
-1.691512204706668854e-02
-8.458583615720272064e-03
-1.269480027258396149e-02
-1.656737551093101501e-02
-1.414720714092254639e-02
-1.004301942884922028e-02
-1.448944769799709320e-02
8.045812137424945831e-03
5.939281545579433441e-04
-1.159646126325242221e-04
1.165525335818529129e-02
8.483862504363059998e-03
2.233184641227126122e-03
7.434661034494638443e-03
1.051736995577812195e-03
4.843029193580150604e-03
-5.958977155387401581e-03
5.871449597179889679e-03
-1.092799287289381027e-02
-1.177297625690698624e-02
1.097251381725072861e-02
-1.569073181599378586e-03
5.434060585685074329e-05
-1.377546926960349083e-03
-6.235437002032995224e-03
-2.514732442796230316e-02
1.293965242803096771e-02
-8.627569302916526794e-03
-3.681294154375791550e-03
2.337461709976196289e-02
1.891622319817543030e-02
7.684593088924884796e-03
6.553224520757794380e-04
5.265668500214815140e-03
-1.016809325665235519e-02
1.863931393017992377e-04
-8.765093050897121429e-03
