-3.017749451100826263e-02
-1.683630421757698059e-02
-8.359076827764511108e-02
8.804450929164886475e-02
-1.189557164907455444e-01
1.255499273538589478e-01
1.136128306388854980e-01
3.346306458115577698e-02
9.434670954942703247e-02
9.688908606767654419e-02
1.926969364285469055e-02
7.380359619855880737e-02
-9.306375682353973389e-02
-4.556699842214584351e-02
-1.063718721270561218e-01
-1.371796578168869019e-01
1.475157290697097778e-01
8.242554217576980591e-02
2.203719504177570343e-02
1.126551106572151184e-01
-1.207093000411987305e-01
-1.078427657485008240e-01
-1.063207238912582397e-01
-1.283248066902160645e-01
-5.562761798501014709e-03
-4.644203931093215942e-02
1.578836888074874878e-01
-7.985404878854751587e-02
-8.651223778724670410e-02
-4.279677942395210266e-02
1.273650228977203369e-01
1.404526829719543457e-01
-2.285019680857658386e-02
2.828461490571498871e-02
8.360167965292930603e-03
-1.457921112887561321e-03
-6.233114376664161682e-02
1.652789711952209473e-01
7.655233144760131836e-02
6.060260906815528870e-02
1.712715774774551392e-01
-1.366037130355834961e-01
-3.882247582077980042e-02
3.288196399807929993e-02
1.490667834877967834e-02
1.806991398334503174e-01
2.051498889923095703e-01
-4.483210667967796326e-02
1.548976302146911621e-01
1.167927607893943787e-01
5.814983695745468140e-02
1.013441830873489380e-01
-1.093491259962320328e-02
-3.349717706441879272e-02
-1.276512350887060165e-02
1.086776703596115112e-02
-5.772307515144348145e-02
-4.009345546364784241e-03
-1.829898506402969360e-01
3.626210847869515419e-03
7.535715401172637939e-02
-1.052593365311622620e-01
-1.320836842060089111e-01
2.102207206189632416e-02
5.157837271690368652e-02
-5.532023683190345764e-02
1.270865499973297119e-01
-1.357821654528379440e-02
9.068603068590164185e-02
8.340897038578987122e-03
4.267815500497817993e-02
1.287037581205368042e-01
1.294728964567184448e-01
-9.824285656213760376e-02
-1.310125440359115601e-01
-1.594028770923614502e-01
-1.146269589662551880e-01
-6.608428806066513062e-02
-8.603129535913467407e-02
1.003796905279159546e-01
1.218213737010955811e-01
-9.588599205017089844e-02
-3.898007422685623169e-02
1.719712093472480774e-02
-9.583979099988937378e-02
5.255463719367980957e-02
-1.533346921205520630e-01
1.249748766422271729e-01
4.835781827569007874e-02
1.101822778582572937e-01
1.942667812108993530e-01
-5.538988485932350159e-02
4.804080352187156677e-02
-1.122547239065170288e-01
-6.611761450767517090e-02
6.863352656364440918e-02
4.405137896537780762e-02
2.957679890096187592e-02
-8.976478874683380127e-02
-6.310650706291198730e-02
1.394646167755126953e-01
1.611980795860290527e-01
-2.906627953052520752e-02
2.240038663148880005e-02
1.803043782711029053e-01
-9.386893361806869507e-03
7.734328508377075195e-02
7.732893526554107666e-02
3.180130943655967712e-02
2.294596342835575342e-04
1.115491837263107300e-01
-8.557509630918502808e-02
3.942451253533363342e-02
1.229592859745025635e-01
1.833100244402885437e-02
-9.064707905054092407e-02
-4.996821656823158264e-02
1.545664221048355103e-01
1.063435599207878113e-01
1.217891275882720947e-01
2.032643854618072510e-01
-7.440944015979766846e-02
1.855262964963912964e-01
1.854938268661499023e-01
-7.011347264051437378e-02
8.397793024778366089e-02
1.331840455532073975e-01
3.988726064562797546e-02
1.211370602250099182e-01
-9.542507119476795197e-03
1.104281395673751831e-01
-5.598640814423561096e-02
5.046375840902328491e-02
1.903568804264068604e-01
9.000372141599655151e-02
1.909123957157135010e-01
8.361978828907012939e-02
-3.149844333529472351e-02
1.116635575890541077e-01
-8.766457438468933105e-03
3.188542649149894714e-02
8.302413672208786011e-02
8.977306075394153595e-03
9.375531971454620361e-02
9.061875939369201660e-02
-3.388752043247222900e-02
-2.928459085524082184e-02
1.539276540279388428e-01
-9.678933769464492798e-03
1.340531706809997559e-01
6.430374085903167725e-02
8.163660764694213867e-02
-1.035087406635284424e-01
8.275938779115676880e-02
6.395948678255081177e-02
9.860233217477798462e-02
5.224953405559062958e-03
1.407289654016494751e-01
-8.596405386924743652e-02
-1.386252045631408691e-01
-2.711019106209278107e-02
3.883910924196243286e-02
1.384391933679580688e-01
1.304035782814025879e-01
1.511136144399642944e-01
5.415281653404235840e-02
-1.224650815129280090e-01
1.020409837365150452e-01
-1.861535944044589996e-02
-1.382921356707811356e-02
-5.340754240751266479e-02
-9.838478267192840576e-02
2.691702172160148621e-02
1.342121511697769165e-01
-1.348827183246612549e-01
1.733328253030776978e-01
-8.842889219522476196e-02
1.069584935903549194e-01
8.806403726339340210e-02
1.158915683627128601e-01
-9.364251047372817993e-02
-2.392289042472839355e-02
-6.890992820262908936e-02
-9.163462370634078979e-02
1.291827857494354248e-01
2.050404995679855347e-02
3.811106085777282715e-02
9.742733091115951538e-03
-1.433843523263931274e-01
2.565740980207920074e-02
-1.247737929224967957e-01
8.401188999414443970e-02
-2.803258365020155907e-03
-4.763330891728401184e-02
-2.895932644605636597e-02
-9.116526693105697632e-02
3.638437762856483459e-02
1.472530663013458252e-01
7.787597924470901489e-02
5.048282071948051453e-02
-7.830370962619781494e-02
3.311929851770401001e-02
-1.120810508728027344e-01
-2.476782537996768951e-02
-1.451993137598037720e-01
1.730056107044219971e-02
7.593192160129547119e-02
-1.493701338768005371e-01
-1.630851924419403076e-01
-1.955811977386474609e-01
8.263713680207729340e-03
3.552331402897834778e-02
-1.267346292734146118e-01
4.839560762047767639e-02
6.812264025211334229e-02
6.159009784460067749e-02
9.447393938899040222e-03
-1.410835832357406616e-01
-5.135186016559600830e-02
3.023520857095718384e-02
1.434542611241340637e-02
-8.648359030485153198e-02
1.115599498152732849e-01
-1.581302285194396973e-01
1.705767512321472168e-01
-1.073117479681968689e-01
8.655615150928497314e-02
1.099240481853485107e-01
8.969236165285110474e-02
6.256056576967239380e-02
-4.075545445084571838e-02
1.121503952890634537e-02
7.461607456207275391e-03
8.171045035123825073e-02
-4.364322125911712646e-02
1.510701477527618408e-01
-1.813348680734634399e-01
8.190446346998214722e-02
1.089693978428840637e-01
2.475295215845108032e-02
1.192794144153594971e-01
2.409441024065017700e-02
-5.221595987677574158e-02
9.868328273296356201e-02
1.664910018444061279e-01
-1.204729080200195312e-01
1.471138000488281250e-01
1.066340729594230652e-01
-8.428039960563182831e-03
1.854052394628524780e-02
6.175069883465766907e-02
-3.409045562148094177e-02
1.582337915897369385e-01
1.338064223527908325e-01
-1.089594513177871704e-02
1.683688163757324219e-01
1.804804503917694092e-01
7.200759649276733398e-02
1.942271590232849121e-01
-2.123107574880123138e-02
1.454948633909225464e-01
-7.040122151374816895e-02
3.763594850897789001e-02
-1.704737693071365356e-01
5.030491203069686890e-02
-1.672558486461639404e-01
1.332017928361892700e-01
9.243514388799667358e-02
1.130094658583402634e-02
-1.358660608530044556e-01
1.812281757593154907e-01
1.211948096752166748e-01
-6.737624108791351318e-02
8.833459019660949707e-02
6.232165545225143433e-02
1.491676568984985352e-01
-5.237662792205810547e-02
1.394911408424377441e-01
1.341450661420822144e-01
1.284205466508865356e-01
9.896296262741088867e-02
-3.003757260739803314e-02
1.587278544902801514e-01
1.211521923542022705e-01
-1.045238897204399109e-01
1.336362659931182861e-01
1.941496282815933228e-01
1.541413366794586182e-02
-2.052917890250682831e-02
-1.531968563795089722e-01
-5.902116373181343079e-02
1.904786527156829834e-01
1.063676699995994568e-01
1.156897172331809998e-01
2.568814158439636230e-02
1.006706850603222847e-03
4.563097318168729544e-04
-7.723657786846160889e-02
1.039620190858840942e-01
1.266226768493652344e-01
7.999174296855926514e-02
4.157758876681327820e-02
9.286167472600936890e-02
-7.361441850662231445e-02
-1.614253818988800049e-01
7.148319482803344727e-02
1.325595229864120483e-01
6.501927226781845093e-02
3.280418366193771362e-02
8.295357972383499146e-02
6.377968937158584595e-02
-1.688015460968017578e-01
-1.177372112870216370e-01
7.192875444889068604e-02
1.525652706623077393e-01
1.255890429019927979e-01
9.397841244935989380e-02
9.849569201469421387e-02
-1.395963728427886963e-01
1.526471227407455444e-01
-4.846531897783279419e-02
9.153802692890167236e-02
1.743190735578536987e-01
-3.199926391243934631e-02
3.490446601063013077e-03
8.711552619934082031e-02
1.060145646333694458e-01
-1.592367328703403473e-02
-1.134906802326440811e-02
9.434638917446136475e-02
-1.137626245617866516e-01
-6.199607625603675842e-02
7.593885809183120728e-02
-1.384827047586441040e-01
1.627545244991779327e-02
-1.236569955945014954e-01
9.311302006244659424e-02
5.892391875386238098e-02
3.993265330791473389e-02
5.631591007113456726e-02
-1.263006627559661865e-01
1.307514309883117676e-01
2.237630449235439301e-02
4.011379927396774292e-02
1.953002251684665680e-02
8.029155433177947998e-02
-5.792542826384305954e-03
1.527089439332485199e-02
3.352741152048110962e-02
1.416578143835067749e-01
-5.106899887323379517e-02
2.849223464727401733e-02
1.874543130397796631e-01
5.812755227088928223e-02
-3.709923103451728821e-02
8.369294926524162292e-03
-1.036087349057197571e-01
1.312003880739212036e-01
-4.108776524662971497e-02
-9.882058948278427124e-02
-9.031502157449722290e-02
-1.408487465232610703e-02
8.395308256149291992e-02
1.851885616779327393e-01
-3.481824323534965515e-02
-9.205967187881469727e-03
4.769269376993179321e-02
7.134424149990081787e-02
5.792644247412681580e-02
4.609837755560874939e-02
-1.311055421829223633e-01
-1.305892169475555420e-01
-1.101352553814649582e-02
3.084656782448291779e-02
1.077486649155616760e-01
1.144576072692871094e-01
1.649856269359588623e-01
-2.728536026552319527e-03
1.059255525469779968e-01
-6.783606112003326416e-02
1.243197917938232422e-01
-1.226216629147529602e-01
-1.159862056374549866e-02
-1.022231504321098328e-01
6.702019274234771729e-02
-1.808304488658905029e-01
-1.319700330495834351e-01
3.584537282586097717e-02
5.292890593409538269e-02
7.530912756919860840e-02
2.206592410802841187e-01
1.401778757572174072e-01
7.050637155771255493e-02
1.058518290519714355e-01
1.781188398599624634e-01
3.410930931568145752e-02
9.730187803506851196e-02
9.385714679956436157e-02
9.665034711360931396e-02
-5.523825809359550476e-02
-4.134242981672286987e-02
1.841803640127182007e-01
1.873013228178024292e-01
1.509573608636856079e-01
6.395116448402404785e-02
1.001374423503875732e-01
8.458249270915985107e-02
1.846274137496948242e-01
-5.257787555456161499e-02
-7.751437276601791382e-02
-3.378173708915710449e-02
-1.748328469693660736e-02
-5.763429775834083557e-02
8.803407847881317139e-02
-4.194310307502746582e-02
-3.190731629729270935e-02
1.568177156150341034e-02
-9.055683016777038574e-02
1.329717040061950684e-01
9.830052405595779419e-02
-9.706036746501922607e-02
7.648846134543418884e-03
-3.563705831766128540e-02
-1.512186676263809204e-01
-5.293672904372215271e-02
1.441663503646850586e-01
9.467139840126037598e-02
1.265675723552703857e-01
2.612130343914031982e-02
-2.612222358584403992e-02
-5.114585161209106445e-02
1.309483945369720459e-01
3.509219735860824585e-02
8.493271470069885254e-02
-4.476055502891540527e-02
-4.179488494992256165e-02
6.406489014625549316e-02
1.346092522144317627e-01
-9.074544906616210938e-02
-1.759664267301559448e-01
-2.166099995374679565e-01
-8.563362807035446167e-02
6.747493892908096313e-02
8.976320922374725342e-02
-2.997811138629913330e-02
1.298001315444707870e-02
-1.338844299316406250e-01
9.874097257852554321e-02
7.208631187677383423e-02
6.470895558595657349e-02
-1.523693054914474487e-01
8.672863245010375977e-02
-7.730905711650848389e-02
-7.932555675506591797e-02
7.452872395515441895e-02
2.791207283735275269e-02
-1.130069643259048462e-01
-9.446980431675910950e-03
-1.251270473003387451e-01
-2.301442064344882965e-02
8.131241053342819214e-02
7.835139334201812744e-02
2.027237415313720703e-02
-9.016465395689010620e-02
5.691586993634700775e-04
-1.660167612135410309e-02
1.536759883165359497e-01
1.509262155741453171e-02
-4.990206286311149597e-02
-5.872193723917007446e-02
-8.594305068254470825e-02
1.247267425060272217e-01
-6.118117645382881165e-02
-1.418555229902267456e-01
1.345392614603042603e-01
-7.744000107049942017e-02
4.529803246259689331e-02
1.490067597478628159e-02
1.176588982343673706e-02
1.024014651775360107e-01
-5.241412296891212463e-02
-2.973797731101512909e-02
2.712415903806686401e-02
-1.234790161252021790e-01
2.055170536041259766e-01
4.353228956460952759e-02
-5.010415241122245789e-02
2.689991332590579987e-02
-3.456910699605941772e-02
1.187225356698036194e-01
-9.502232074737548828e-02
1.392175257205963135e-01
7.632888853549957275e-02
-6.905962526798248291e-02
-7.737416028976440430e-02
4.602191969752311707e-02
-8.521661162376403809e-02
-7.946778088808059692e-02
9.212403744459152222e-02
8.334477990865707397e-02
-1.167799346148967743e-02
-2.037089131772518158e-02
1.743060499429702759e-01
1.984819322824478149e-01
-1.023469716310501099e-01
1.815507858991622925e-01
2.050704210996627808e-01
-9.278545528650283813e-02
1.340259909629821777e-01
3.386396914720535278e-02
5.398065224289894104e-02
1.317097395658493042e-01
1.294152066111564636e-02
-3.628018498420715332e-02
-1.716157048940658569e-01
2.075597457587718964e-02
6.620681844651699066e-03
4.178836941719055176e-02
4.281140491366386414e-02
1.785732619464397430e-02
1.343706808984279633e-02
4.697732627391815186e-02
-1.060957089066505432e-01
-1.779223978519439697e-01
-8.278436213731765747e-02
3.869756311178207397e-02
4.613023996353149414e-02
-7.506075501441955566e-02
-9.023638814687728882e-02
1.363805215805768967e-02
-1.197485998272895813e-01
8.868052065372467041e-02
1.443264335393905640e-01
1.106372177600860596e-01
7.749901711940765381e-02
5.525933578610420227e-02
-8.227135241031646729e-02
2.402586629614233971e-03
1.357320323586463928e-02
-1.204387694597244263e-01
-1.496954541653394699e-02
1.839215308427810669e-01
-1.149838417768478394e-01
1.550520583987236023e-02
2.704288996756076813e-02
-8.807760477066040039e-02
7.567312568426132202e-02
1.453456431627273560e-01
3.712016716599464417e-02
5.282672494649887085e-02
-1.390970647335052490e-01
-1.156084313988685608e-01
-1.683856844902038574e-01
-8.326477557420730591e-02
1.136854887008666992e-01
1.157718375325202942e-01
-1.171904578804969788e-01
-1.581771522760391235e-01
-5.028929188847541809e-02
-1.385989040136337280e-01
-1.678887456655502319e-01
-7.564751058816909790e-02
3.168096765875816345e-02
-1.574852690100669861e-02
-1.254180073738098145e-01
-1.613755151629447937e-02
1.649647019803524017e-02
1.295479536056518555e-01
-6.464412063360214233e-02
3.873576968908309937e-02
-1.232225447893142700e-01
-6.781860440969467163e-02
-2.652017399668693542e-02
-2.410183846950531006e-02
1.292633265256881714e-01
-7.772526890039443970e-02
-5.176017060875892639e-02
4.952210932970046997e-02
-1.330986171960830688e-01
1.201990321278572083e-01
-2.103412300348281860e-01
-7.167721539735794067e-02
8.901668339967727661e-02
-1.257345974445343018e-01
1.131934579461812973e-02
9.085781872272491455e-02
-5.542914569377899170e-02
1.061252132058143616e-01
-9.069586545228958130e-02
-3.765500336885452271e-02
2.965435944497585297e-02
7.666996866464614868e-02
-1.221025884151458740e-01
1.752493977546691895e-01
5.308273434638977051e-02
1.505729109048843384e-01
8.424244821071624756e-02
-4.010851308703422546e-02
1.256984323263168335e-01
1.456560194492340088e-01
-5.724606290459632874e-02
-1.522966474294662476e-01
8.485169708728790283e-02
-1.084321737289428711e-01
-3.501227870583534241e-02
-3.698167577385902405e-02
9.611791372299194336e-02
-1.416476219892501831e-01
1.288504749536514282e-01
-1.463618688285350800e-02
-1.361865829676389694e-02
-1.151946038007736206e-01
1.095424592494964600e-01
2.310896292328834534e-02
8.514925837516784668e-02
-6.732839345932006836e-02
-1.940997503697872162e-02
1.525312215089797974e-01
-1.177853941917419434e-01
-5.912519060075283051e-03
1.158210337162017822e-01
-1.277330815792083740e-01
-1.978045403957366943e-01
-1.463115215301513672e-01
-6.856274604797363281e-02
8.261082321405410767e-02
-1.552617643028497696e-02
-6.376513093709945679e-02
7.113986462354660034e-02
-7.382597029209136963e-02
-3.156984224915504456e-02
1.241170689463615417e-01
1.020693555474281311e-01
-1.123740896582603455e-01
1.581589728593826294e-01
-1.049764901399612427e-01
1.255809068679809570e-01
7.869692146778106689e-02
7.099749892950057983e-02
-1.153227463364601135e-01
1.995433121919631958e-01
-1.071422621607780457e-01
1.217578276991844177e-01
7.850496470928192139e-02
4.251010343432426453e-02
-6.459185481071472168e-02
1.232876926660537720e-01
3.287139162421226501e-02
-2.992505393922328949e-02
1.345131546258926392e-01
-2.198051214218139648e-01
6.251700967550277710e-02
7.633260637521743774e-02
-5.830840021371841431e-02
-8.386313170194625854e-02
-1.378199737519025803e-02
7.473359256982803345e-02
-7.960452884435653687e-02
-6.982513517141342163e-02
-2.311762720346450806e-01
-1.372465938329696655e-01
-3.293172270059585571e-02
-1.322573870420455933e-01
-1.982038170099258423e-01
5.605364963412284851e-02
-5.447213724255561829e-02
1.311730444431304932e-01
-1.710018515586853027e-01
-1.341869831085205078e-01
-1.141636595129966736e-01
-7.002120465040206909e-02
-1.657213419675827026e-01
-5.742106214165687561e-02
5.497540906071662903e-02
1.074142679572105408e-01
-1.282499879598617554e-01
6.732586026191711426e-02
4.715090990066528320e-02
6.229087710380554199e-02
-8.498247712850570679e-02
7.218199782073497772e-03
-5.963094532489776611e-02
1.030084043741226196e-01
-2.218744158744812012e-02
7.107722014188766479e-02
1.373548805713653564e-01
1.323100030422210693e-01
-1.638943888247013092e-02
1.261432021856307983e-01
6.522099673748016357e-02
-6.956852972507476807e-02
1.041207835078239441e-01
6.030499562621116638e-02
-1.213040351867675781e-01
-1.732132863253355026e-03
1.037814244627952576e-01
6.937989592552185059e-02
5.333244800567626953e-02
-4.278605058789253235e-02
-5.830010399222373962e-02
5.092838034033775330e-02
1.486115753650665283e-01
-5.765813589096069336e-02
1.081679947674274445e-03
6.525789946317672729e-02
-2.613189443945884705e-02
1.287832856178283691e-01
-1.391669362783432007e-01
1.021503284573554993e-01
-2.091333642601966858e-02
1.524557173252105713e-01
1.020824387669563293e-01
-5.927810817956924438e-02
-1.890121772885322571e-02
7.164730341173708439e-04
-1.188117340207099915e-01
1.097147092223167419e-01
-6.987296044826507568e-02
3.453277423977851868e-02
4.460542276501655579e-02
8.636093884706497192e-02
-7.543897372670471668e-04
-1.441388856619596481e-02
7.553254812955856323e-02
-1.630639135837554932e-01
1.666445732116699219e-01
-7.700906693935394287e-02
1.535098701715469360e-01
1.386027783155441284e-01
-8.281978964805603027e-02
8.518878370523452759e-02
-5.981017276644706726e-02
1.436950415372848511e-01
-1.039372105151414871e-02
9.883437305688858032e-03
6.456633564084768295e-03
-2.045320123434066772e-01
-7.549240440130233765e-02
1.615225672721862793e-01
-1.033659726381301880e-01
-3.487327322363853455e-02
-6.783832609653472900e-02
9.398799389600753784e-02
4.489187896251678467e-02
3.088326193392276764e-02
-1.811403334140777588e-01
-9.634691476821899414e-02
1.929202675819396973e-02
8.974812179803848267e-02
8.082229644060134888e-02
-9.674909710884094238e-02
-6.001142412424087524e-02
7.336395978927612305e-02
1.908005774021148682e-01
1.544120758771896362e-01
7.823522388935089111e-02
1.240954548120498657e-01
1.803024858236312866e-01
3.236298635601997375e-02
1.215984895825386047e-01
7.411157339811325073e-02
1.611127331852912903e-02
-3.357214853167533875e-02
-5.902585387229919434e-02
1.436021178960800171e-01
8.132062107324600220e-02
3.665737435221672058e-02
1.225348412990570068e-01
1.094233542680740356e-01
1.417169123888015747e-01
5.639357492327690125e-02
1.905070394277572632e-01
-8.757259696722030640e-02
1.686625778675079346e-01
1.658519208431243896e-01
1.101275011897087097e-01
3.764173388481140137e-02
1.479664165526628494e-02
8.425294607877731323e-02
1.635652184486389160e-01
1.404152214527130127e-01
9.311701357364654541e-02
4.661625996232032776e-02
-5.129645764827728271e-02
-1.280334442853927612e-01
-1.314312964677810669e-01
-8.956143260002136230e-02
4.816725105047225952e-02
4.072922468185424805e-02
-9.762917459011077881e-02
6.794872879981994629e-02
-8.377437293529510498e-02
1.545798480510711670e-01
-5.754407495260238647e-02
8.652020990848541260e-02
1.301968935877084732e-02
-1.621676534414291382e-01
-7.259831577539443970e-02
1.365870386362075806e-01
1.124437153339385986e-01
1.711702793836593628e-01
-5.501851066946983337e-02
1.501736044883728027e-01
1.431273519992828369e-01
-3.854914754629135132e-02
6.261076778173446655e-02
3.197891637682914734e-02
-1.022886186838150024e-01
1.041736528277397156e-01
4.532798193395137787e-03
-4.393483698368072510e-02
-2.147969305515289307e-01
-1.430249512195587158e-01
-2.555146813392639160e-02
3.811596706509590149e-02
-2.072041295468807220e-02
-1.275047361850738525e-01
-1.535996496677398682e-01
-1.255542486906051636e-01
-8.252468891441822052e-03
-4.015742987394332886e-02
1.955978944897651672e-02
-1.922028511762619019e-02
1.397495269775390625e-01
8.835481852293014526e-02
1.190063580870628357e-01
2.166207507252693176e-02
-9.832173818722367287e-04
1.036659404635429382e-01
1.788586527109146118e-01
6.738790869712829590e-02
2.220878750085830688e-02
1.349094063043594360e-01
-2.005157433450222015e-02
-6.537312269210815430e-02
4.841962084174156189e-02
-1.322762817144393921e-01
1.172869801521301270e-01
-5.788532271981239319e-02
5.623507127165794373e-02
-1.353198438882827759e-01
-1.790205985307693481e-01
-1.633682698011398315e-01
-7.425368577241897583e-02
-2.214021608233451843e-02
8.609752357006072998e-02
-2.186252325773239136e-01
-1.021559908986091614e-01
7.260350137948989868e-02
2.977492474019527435e-02
3.679068526253104210e-03
-9.773096442222595215e-02
1.922871619462966919e-01
9.793824702501296997e-02
7.896923273801803589e-02
6.967090070247650146e-02
-7.587668299674987793e-02
-4.864299297332763672e-02
3.079585172235965729e-02
4.509183391928672791e-02
1.748978644609451294e-01
1.660386323928833008e-01
1.468846052885055542e-01
1.698637902736663818e-01
1.794291138648986816e-01
3.924030065536499023e-02
1.911522299051284790e-01
-3.751346375793218613e-03
1.297176331281661987e-01
1.118224859237670898e-01
5.986158549785614014e-02
-3.727322816848754883e-02
-4.746482893824577332e-02
1.701533645391464233e-01
2.454608678817749023e-02
1.081179156899452209e-01
-1.364085078239440918e-01
-2.930135093629360199e-02
1.650828681886196136e-02
-1.501991301774978638e-01
2.232136204838752747e-02
1.142031773924827576e-01
1.804092228412628174e-01
1.346101611852645874e-01
-7.653092592954635620e-02
1.419213265180587769e-01
7.205560803413391113e-02
7.980585843324661255e-02
-9.254930913448333740e-02
-3.584592789411544800e-02
-1.309253126382827759e-01
-1.151570528745651245e-01
-5.790295824408531189e-02
2.188256941735744476e-02
-1.521001011133193970e-01
-4.241899028420448303e-02
-8.602768927812576294e-02
-4.227650538086891174e-02
5.429987609386444092e-02
-1.434761583805084229e-01
2.292068153619766235e-01
2.132598906755447388e-01
2.074466943740844727e-01
1.547331809997558594e-01
1.491911709308624268e-01
1.533231735229492188e-01
2.032559365034103394e-01
1.413178592920303345e-01
8.471892029047012329e-02
1.155861169099807739e-01
-7.384236156940460205e-02
6.859287619590759277e-02
8.566772192716598511e-02
-6.114031746983528137e-02
6.941442936658859253e-02
-1.745867431163787842e-01
-1.841882765293121338e-01
-7.381156831979751587e-02
3.233598312363028526e-03
7.365610450506210327e-02
7.769253849983215332e-02
5.646239221096038818e-02
-5.937632918357849121e-02
7.021265476942062378e-02
-1.051335558295249939e-01
8.810704201459884644e-02
-1.091198846697807312e-01
9.555941447615623474e-03
2.460564486682415009e-02
-5.164840072393417358e-02
2.851667441427707672e-02
8.478853851556777954e-02
1.176943928003311157e-01
4.822969436645507812e-02
-7.268397510051727295e-02
-1.929699480533599854e-01
-1.634206920862197876e-01
-5.119281634688377380e-02
-4.832638427615165710e-02
-9.485559910535812378e-02
-1.369595080614089966e-01
-6.214109063148498535e-02
3.203083947300910950e-02
4.768729209899902344e-02
-2.395697124302387238e-02
5.997335538268089294e-02
-2.084767818450927734e-01
-4.518083855509757996e-02
-5.715644359588623047e-02
6.171148270368576050e-02
-1.416634470224380493e-01
1.540644913911819458e-01
-5.541890487074851990e-02
-5.704361200332641602e-02
1.424043476581573486e-01
2.556654438376426697e-02
1.211478337645530701e-01
6.849479675292968750e-02
3.295952826738357544e-02
-3.732245042920112610e-02
-1.889954060316085815e-01
9.242984466254711151e-03
-4.211410135030746460e-02
1.001390591263771057e-01
1.050628069788217545e-02
8.012701570987701416e-02
-2.299203537404537201e-02
-1.179687157273292542e-01
4.999528080224990845e-02
-7.393726613372564316e-03
-8.582217246294021606e-02
1.076140999794006348e-02
-1.409476250410079956e-01
-1.186761632561683655e-01
-2.666274644434452057e-02
-1.047793105244636536e-01
-1.539280712604522705e-01
-1.094603240489959717e-01
4.850805178284645081e-02
-4.030623286962509155e-02
1.143215149641036987e-01
-5.545867606997489929e-02
-1.371319741010665894e-01
1.707920730113983154e-01
6.114714592695236206e-02
1.582171022891998291e-01
-6.028451770544052124e-02
1.183757558465003967e-02
-1.413580775260925293e-01
-2.002320252358913422e-03
1.427078247070312500e-01
2.003506869077682495e-01
1.106219589710235596e-01
3.625853359699249268e-02
6.130100414156913757e-02
-7.115118205547332764e-02
-1.424778848886489868e-01
-1.169739197939634323e-02
-2.713360078632831573e-02
-3.938573063351213932e-04
