1.930384337902069092e-01
-1.893227919936180115e-02
-4.198553264141082764e-01
-3.061438798904418945e-01
3.026294112205505371e-01
2.685706317424774170e-02
-5.783668160438537598e-01
-5.018857717514038086e-01
1.148687005043029785e-01
3.761056661605834961e-01
-1.550160944461822510e-01
-4.674135744571685791e-01
-1.340910047292709351e-01
5.687435865402221680e-01
5.429728627204895020e-01
2.494635432958602905e-02
-3.720517158508300781e-01
3.572643995285034180e-01
3.610049784183502197e-01
3.486054539680480957e-01
2.314197272062301636e-01
-6.160008907318115234e-01
2.491458058357238770e-01
-2.113926410675048828e-01
-1.427991688251495361e-01
1.202719807624816895e-01
-2.165304422378540039e-01
-6.808394193649291992e-01
-1.444043219089508057e-01
-9.774481505155563354e-02
-2.828193306922912598e-01
-3.894501924514770508e-01
-6.642253398895263672e-01
5.234016180038452148e-01
1.171977892518043518e-01
-3.431700766086578369e-01
-5.777727365493774414e-01
1.602487415075302124e-01
5.283830165863037109e-01
3.439173996448516846e-01
-1.866702884435653687e-01
-4.124599695205688477e-01
4.757037758827209473e-01
-6.221910193562507629e-02
5.219742655754089355e-01
4.485720694065093994e-01
-5.482695698738098145e-01
4.078035354614257812e-01
-2.970800697803497314e-01
2.850669920444488525e-01
-4.228349402546882629e-02
-3.530219942331314087e-02
-7.361781001091003418e-01
4.544739425182342529e-01
2.037150561809539795e-01
-2.818535454571247101e-02
-1.829533129930496216e-01
-5.897229313850402832e-01
8.629301190376281738e-01
3.955114781856536865e-01
7.784052938222885132e-02
4.102240502834320068e-02
3.987563550472259521e-01
6.520096659660339355e-01
1.583179086446762085e-01
1.712767183780670166e-01
-6.758182495832443237e-02
6.202980875968933105e-01
3.471030294895172119e-01
5.664075613021850586e-01
4.654659032821655273e-01
2.214168161153793335e-01
4.319529235363006592e-01
1.168978810310363770e-01
5.257204174995422363e-01
2.963420748710632324e-01
5.727123618125915527e-01
-8.713581562042236328e-01
5.234806537628173828e-01
-3.998529911041259766e-02
8.128067851066589355e-01
3.181871175765991211e-01
-2.242921739816665649e-01
4.526639878749847412e-01
1.205719709396362305e-01
9.573318362236022949e-01
4.003931581974029541e-01
3.185403645038604736e-01
-1.809401065111160278e-02
7.092263698577880859e-01
8.166003823280334473e-01
4.637069404125213623e-01
5.323258638381958008e-01
4.231469035148620605e-01
6.105538010597229004e-01
3.854196071624755859e-01
2.820290029048919678e-01
2.032793164253234863e-01
2.729143500328063965e-01
1.537734121084213257e-01
4.383740425109863281e-01
6.810502409934997559e-01
-6.133860349655151367e-01
1.240165233612060547e-01
-1.855527609586715698e-01
8.434653282165527344e-01
6.628467440605163574e-01
8.492816239595413208e-02
-1.030074656009674072e-01
5.889878049492835999e-02
3.536450266838073730e-01
5.600752234458923340e-01
3.419706225395202637e-01
-3.403427302837371826e-01
3.019004464149475098e-01
4.982601106166839600e-01
4.098027944564819336e-01
3.936954438686370850e-01
4.355224072933197021e-01
-1.206229403614997864e-01
2.107981741428375244e-01
5.054500102996826172e-01
3.296013474464416504e-01
8.006975054740905762e-02
-1.436964869499206543e-01
