1.939996778964996338e-01
-1.725800037384033203e-01
2.419384270906448364e-01
6.394681334495544434e-02
7.775040715932846069e-02
-1.948435455560684204e-01
-3.425296843051910400e-01
2.235758006572723389e-01
-2.189063131809234619e-01
-3.182952404022216797e-01
1.176459342241287231e-01
1.815788000822067261e-01
-6.326031684875488281e-02
1.533756703138351440e-01
-2.151937484741210938e-01
1.539948116987943649e-02
-4.092592895030975342e-01
4.025091603398323059e-02
1.342690587043762207e-01
-1.432691365480422974e-01
1.860541701316833496e-01
2.554695867002010345e-02
1.942679136991500854e-01
-3.168198764324188232e-01
-4.738025665283203125e-01
9.244565665721893311e-02
-7.344309240579605103e-02
-8.184216916561126709e-03
2.632012069225311279e-01
-1.420022994279861450e-01
1.476335525512695312e-01
-1.094698682427406311e-01
1.722073256969451904e-01
-1.150656491518020630e-01
1.122814193367958069e-01
-3.688920140266418457e-01
5.560735985636711121e-02
1.071610301733016968e-01
-2.534634768962860107e-01
-2.996152043342590332e-01
-1.041432097554206848e-01
1.833669394254684448e-01
2.599240839481353760e-01
1.919183880090713501e-01
-1.732174307107925415e-02
8.533877134323120117e-02
1.176339536905288696e-01
1.203658655285835266e-01
2.370920032262802124e-01
-7.039132118225097656e-01
2.351028770208358765e-01
2.604199945926666260e-01
-2.412183135747909546e-01
-1.825088709592819214e-01
5.436437204480171204e-02
2.705727703869342804e-02
-1.242402270436286926e-01
4.562247991561889648e-01
-5.189967155456542969e-01
2.129310518503189087e-01
4.011526703834533691e-02
-1.510742399841547012e-02
2.397062331438064575e-01
2.347190231084823608e-01
-2.179148420691490173e-02
2.354891449213027954e-01
-3.747048974037170410e-01
-2.688927054405212402e-01
9.623894095420837402e-02
1.765157282352447510e-01
-1.448482573032379150e-01
2.225242257118225098e-01
-4.827278256416320801e-01
1.696622073650360107e-01
5.084657296538352966e-02
2.881536781787872314e-01
1.066590379923582077e-02
2.871638536453247070e-01
6.370373070240020752e-02
-5.531492233276367188e-01
-2.441589720547199249e-02
-1.362857669591903687e-01
-1.056869924068450928e-01
4.839834757149219513e-03
2.707043588161468506e-01
-2.880424857139587402e-01
-3.518583998084068298e-02
2.528558075428009033e-01
-2.145528607070446014e-02
-2.885430455207824707e-01
1.637894213199615479e-01
9.059087187051773071e-02
2.670195698738098145e-01
-4.182472825050354004e-01
-4.980712756514549255e-02
-1.038550958037376404e-01
1.701904386281967163e-01
1.042808890342712402e-01
-3.382326960563659668e-01
-9.694232791662216187e-02
1.331244111061096191e-01
-2.483457773923873901e-01
5.524181574583053589e-02
1.752864271402359009e-01
1.656473577022552490e-01
-2.897117435932159424e-01
-1.199706420302391052e-01
1.103522330522537231e-01
5.288047716021537781e-02
2.163527533411979675e-02
-3.956031501293182373e-01
-3.878203630447387695e-01
2.954503893852233887e-01
3.413552418351173401e-02
-2.505113184452056885e-02
-5.003808066248893738e-02
-4.105418324470520020e-01
1.980405300855636597e-01
2.885652780532836914e-01
9.965410083532333374e-02
1.529597938060760498e-01
-1.698686182498931885e-01
3.963277488946914673e-02
-2.302908152341842651e-01
1.195613145828247070e-01
-2.556140422821044922e-01
9.097540378570556641e-02
-4.611403495073318481e-02
1.185722947120666504e-01
1.407119482755661011e-01
-5.899077653884887695e-01
7.545150071382522583e-02
-3.187093138694763184e-01
-1.887591779232025146e-01
7.318764925003051758e-02
3.886194527149200439e-01
-1.807439625263214111e-01
2.760475575923919678e-01
-5.314578413963317871e-01
-2.277179360389709473e-01
-6.148085929453372955e-03
-5.952233672142028809e-01
-2.412195652723312378e-01
1.926553547382354736e-01
-4.578120112419128418e-01
-2.026856318116188049e-02
3.099688291549682617e-01
1.647488772869110107e-01
5.846263468265533447e-02
2.469848096370697021e-02
1.765633225440979004e-01
1.662977039813995361e-01
-1.203405782580375671e-01
4.313926026225090027e-02
1.348350942134857178e-01
-1.865631788969039917e-01
-2.623957395553588867e-01
2.478847950696945190e-01
-2.621550858020782471e-01
-1.791158765554428101e-01
1.115388423204421997e-01
8.312901109457015991e-02
-2.307365089654922485e-01
2.461055219173431396e-01
2.340432852506637573e-01
8.146280050277709961e-02
-1.221381723880767822e-01
-1.653440147638320923e-01
5.106979608535766602e-02
1.699215769767761230e-01
-1.920420527458190918e-01
2.484448105096817017e-01
4.975728318095207214e-02
-8.312367647886276245e-02
-1.648624427616596222e-02
-3.411755561828613281e-01
2.395443171262741089e-01
9.312027692794799805e-02
6.596595793962478638e-02
-4.458384811878204346e-01
-3.443558812141418457e-01
1.039141938090324402e-01
2.285440862178802490e-01
1.211322844028472900e-01
1.811669915914535522e-01
-1.707608103752136230e-01
-1.937197744846343994e-01
1.384788602590560913e-01
1.994106471538543701e-01
8.865779265761375427e-03
-3.422014713287353516e-01
-4.986045509576797485e-02
-2.539663016796112061e-01
-9.375474415719509125e-03
2.584469318389892578e-01
1.310998201370239258e-01
-2.904057502746582031e-02
-1.721662096679210663e-02
-1.030996069312095642e-01
7.928760722279548645e-03
1.497711688280105591e-01
-1.206220909953117371e-01
-2.334380000829696655e-01
4.072063863277435303e-01
2.750935256481170654e-01
-2.908459901809692383e-01
2.570835649967193604e-01
-1.921801865100860596e-01
-3.452714979648590088e-01
-1.776568293571472168e-01
2.280453592538833618e-01
5.913395900279283524e-03
9.250761568546295166e-02
-1.005725339055061340e-01
1.188832223415374756e-01
3.141170740127563477e-01
1.673921942710876465e-01
-4.388581812381744385e-01
1.266149282455444336e-01
-5.007874965667724609e-02
5.555679649114608765e-02
3.952488303184509277e-01
-2.221078574657440186e-01
-1.336819827556610107e-01
3.736141696572303772e-02
2.131448239088058472e-01
-1.877429336309432983e-01
-1.784714162349700928e-01
-3.657108247280120850e-01
1.480021476745605469e-01
-4.697592258453369141e-01
-5.288399457931518555e-01
-2.989522367715835571e-02
-3.416507840156555176e-01
-1.840816587209701538e-01
2.976504862308502197e-01
1.883345246315002441e-01
-3.027065992355346680e-01
1.394901573657989502e-01
1.198972240090370178e-01
2.711772024631500244e-01
1.496314108371734619e-01
-1.775869876146316528e-01
-2.999231452122330666e-03
1.960850805044174194e-01
-3.281799852848052979e-01
1.897770538926124573e-02
2.545684203505516052e-02
1.725813299417495728e-01
-1.219403669238090515e-01
-1.820972859859466553e-01
3.538694381713867188e-01
2.884827554225921631e-01
1.245807036757469177e-01
-6.914362311363220215e-02
1.298963129520416260e-01
-1.933999359607696533e-01
4.783786833286285400e-01
-4.387100934982299805e-01
-7.016474008560180664e-01
-2.633467614650726318e-01
-5.356071516871452332e-02
1.015813797712326050e-01
-2.512796521186828613e-01
2.410615533590316772e-01
-2.092185020446777344e-01
1.805589795112609863e-01
-5.312256813049316406e-01
2.750196158885955811e-01
4.599590972065925598e-02
-1.436098515987396240e-01
6.922329962253570557e-02
4.020756483078002930e-02
1.691008508205413818e-01
2.587650418281555176e-01
1.664976328611373901e-01
4.256025701761245728e-02
-2.107567042112350464e-01
1.494825351983308792e-02
-9.396383911371231079e-02
1.331774741411209106e-01
-5.566902458667755127e-02
-1.210295110940933228e-01
-3.268139436841011047e-02
1.788509264588356018e-02
1.779337786138057709e-02
-2.740709185600280762e-01
2.217942774295806885e-01
2.160875648260116577e-01
2.532649934291839600e-01
1.790769547224044800e-01
-5.525192990899085999e-02
9.541162103414535522e-02
-4.942569434642791748e-01
-2.774088382720947266e-01
-3.219653964042663574e-01
-2.199815362691879272e-01
2.379381805658340454e-01
5.341044068336486816e-01
-5.098052024841308594e-01
1.586020588874816895e-01
-7.997065782546997070e-02
1.937157213687896729e-01
5.666048079729080200e-02
-2.842121422290802002e-01
4.162584543228149414e-01
-4.449878260493278503e-02
1.567770838737487793e-01
-4.136523604393005371e-01
-3.553939759731292725e-01
6.077398359775543213e-02
-2.960775792598724365e-01
1.601468026638031006e-01
8.799660950899124146e-02
-2.233770042657852173e-01
2.915520370006561279e-01
1.453003734350204468e-01
-1.129154339432716370e-01
-1.467822790145874023e-01
-9.997828304767608643e-02
1.170860528945922852e-01
2.319182753562927246e-01
-2.476600259542465210e-01
8.924524486064910889e-02
-3.592521846294403076e-01
-1.032557412981987000e-01
3.899831473827362061e-01
-8.596619218587875366e-02
-1.481827720999717712e-02
-2.140318602323532104e-01
-1.517356187105178833e-01
1.969303488731384277e-01
3.935266286134719849e-02
-4.323796033859252930e-01
2.433873564004898071e-01
2.077438086271286011e-01
-2.351677976548671722e-02
8.533406257629394531e-02
-7.528952509164810181e-02
-2.883768379688262939e-01
-3.187811374664306641e-01
-3.928771317005157471e-01
-2.804691195487976074e-01
3.486126661300659180e-02
-5.246866345405578613e-01
3.756420016288757324e-01
2.230993360280990601e-01
-2.456090785562992096e-02
-5.367621406912803650e-02
-1.150428056716918945e-01
2.983625419437885284e-02
2.863670885562896729e-01
1.643390655517578125e-01
-1.371722370386123657e-01
-1.175103336572647095e-01
-4.051345884799957275e-01
1.769676208496093750e-01
-3.694640994071960449e-01
1.982547789812088013e-01
-6.973366439342498779e-02
1.772687435150146484e-01
-2.439384460449218750e-01
-1.195797696709632874e-01
2.917884588241577148e-01
-3.152703642845153809e-01
1.341334432363510132e-01
-2.512147128582000732e-01
1.765893250703811646e-01
-2.680373005568981171e-02
-1.095776353031396866e-02
-1.866796799004077911e-02
-2.377898246049880981e-01
4.336865618824958801e-02
1.158749386668205261e-01
-1.777413338422775269e-01
3.020455539226531982e-01
2.212691456079483032e-01
8.392412215471267700e-02
-8.151360601186752319e-02
-2.154420018196105957e-01
-4.100517928600311279e-01
2.210239320993423462e-02
1.963143050670623779e-01
-5.286759138107299805e-01
2.127116322517395020e-01
8.983058482408523560e-02
3.092890232801437378e-02
-9.536553919315338135e-02
-5.468665063381195068e-02
-2.950396537780761719e-01
8.408532291650772095e-02
4.460051655769348145e-01
-7.141839712858200073e-02
-3.887616097927093506e-01
-1.152968332171440125e-01
5.590227842330932617e-01
-4.261788725852966309e-01
3.068551123142242432e-01
-6.376401335000991821e-02
-2.197697907686233521e-01
-1.082996577024459839e-01
2.433809190988540649e-01
-1.898112595081329346e-01
-3.033874332904815674e-01
-2.307834774255752563e-01
-1.425912231206893921e-01
7.147797942161560059e-02
2.328579425811767578e-01
4.339808970689773560e-02
1.096885185688734055e-02
-1.511939615011215210e-01
2.157581597566604614e-01
-1.935821920633316040e-01
1.267797350883483887e-01
-8.112023025751113892e-02
-5.136700868606567383e-01
-4.766756296157836914e-01
2.537958920001983643e-01
-2.178473323583602905e-01
2.439061179757118225e-02
-1.877842098474502563e-01
-6.710127741098403931e-02
1.621779054403305054e-01
8.921715617179870605e-02
1.708447784185409546e-01
-1.245601847767829895e-01
2.141306847333908081e-01
6.259327754378318787e-03
1.490818560123443604e-01
-4.269993901252746582e-01
-2.932626307010650635e-01
-2.999572753906250000e-01
3.825919330120086670e-01
-3.330887258052825928e-01
3.054693937301635742e-01
-2.057635635137557983e-01
2.692635059356689453e-01
1.788123100996017456e-01
-3.162282407283782959e-01
4.382698331028223038e-03
-3.919627666473388672e-01
-1.349911987781524658e-01
-5.523915290832519531e-01
1.790525019168853760e-01
1.008280664682388306e-01
3.768857941031455994e-02
-3.389883637428283691e-01
1.093654185533523560e-01
2.684469223022460938e-01
2.798457443714141846e-01
-1.673758327960968018e-01
-3.330391049385070801e-01
-1.902438253164291382e-01
-2.064861124381422997e-03
2.544570267200469971e-01
-1.146591827273368835e-01
-1.073995158076286316e-01
-4.373593721538782120e-03
-3.217539563775062561e-02
1.866660565137863159e-01
9.073362499475479126e-02
4.668370485305786133e-01
-3.516337275505065918e-01
-4.839762151241302490e-01
3.413553535938262939e-01
4.070583283901214600e-01
-1.541464328765869141e-01
1.511027514934539795e-01
3.011450730264186859e-02
-6.191673874855041504e-02
3.287660181522369385e-01
-3.794428110122680664e-01
-3.662428259849548340e-01
-2.571223676204681396e-01
8.758606016635894775e-02
3.266989886760711670e-01
1.551375724375247955e-03
-1.744666695594787598e-01
2.279848232865333557e-02
1.535321474075317383e-01
3.707303106784820557e-01
-9.778397530317306519e-02
3.802138566970825195e-01
-3.970115780830383301e-01
1.156433522701263428e-01
-5.123514533042907715e-01
-1.393509060144424438e-01
1.306815594434738159e-01
2.404154837131500244e-02
2.026670724153518677e-01
2.127107381820678711e-01
9.422719478607177734e-02
-1.463944613933563232e-01
3.773247599601745605e-01
-6.002123951911926270e-01
-3.090845942497253418e-01
2.609145641326904297e-01
2.961717247962951660e-01
2.828250080347061157e-02
-3.509816229343414307e-01
1.095945686101913452e-01
-6.379351019859313965e-03
1.412350237369537354e-01
-5.300158262252807617e-01
9.595887362957000732e-02
5.216230824589729309e-02
-2.840393185615539551e-01
4.468281269073486328e-01
-4.725955724716186523e-01
-4.467943608760833740e-01
2.660279870033264160e-01
-3.189459443092346191e-02
3.319216966629028320e-01
-5.294610932469367981e-02
1.840621232986450195e-01
-4.141428470611572266e-01
-2.265980094671249390e-01
-2.678378522396087646e-01
-7.050336152315139771e-02
1.805742233991622925e-01
9.457294829189777374e-03
-4.931201636791229248e-01
-3.550415039062500000e-01
-2.864403724670410156e-01
2.792847752571105957e-01
1.062958315014839172e-01
1.150045171380043030e-01
5.819365009665489197e-02
2.392183840274810791e-01
1.006826683878898621e-01
-4.058381170034408569e-02
4.334193170070648193e-01
2.592013217508792877e-02
-2.545690536499023438e-01
-2.273498922586441040e-01
-2.276888787746429443e-01
2.294504344463348389e-01
-1.683075577020645142e-01
-5.511773824691772461e-01
4.929582178592681885e-01
-3.201303184032440186e-01
2.658250033855438232e-01
1.760873347520828247e-01
1.301972717046737671e-01
-1.831521093845367432e-01
3.400771915912628174e-01
-5.768771171569824219e-01
-5.447816848754882812e-01
-5.988352373242378235e-02
2.947205901145935059e-01
-1.883584819734096527e-02
2.308121025562286377e-01
-1.449185162782669067e-01
1.017728894948959351e-01
2.741482257843017578e-01
2.178308665752410889e-01
-4.260521233081817627e-01
1.765270680189132690e-01
-1.250719875097274780e-01
2.705805003643035889e-01
1.540534496307373047e-01
-5.699240043759346008e-02
1.785156726837158203e-01
-1.464106887578964233e-01
2.121514827013015747e-01
2.593659758567810059e-01
-3.542510867118835449e-01
5.382996797561645508e-02
2.103438377380371094e-01
-4.447197616100311279e-01
-4.868568181991577148e-01
7.539811730384826660e-02
-4.854955673217773438e-01
-3.763394355773925781e-01
1.424246579408645630e-01
2.403468489646911621e-01
-2.134629338979721069e-02
-2.353398650884628296e-01
2.130010277032852173e-01
-3.075092136859893799e-01
-1.598394215106964111e-01
-1.339257210493087769e-01
1.688759922981262207e-01
1.901851445436477661e-01
1.638132631778717041e-01
-3.546922206878662109e-01
-3.142246603965759277e-01
1.876491457223892212e-01
-3.508525788784027100e-01
-1.853951998054981232e-02
-6.971511244773864746e-02
1.310877501964569092e-01
-3.177405893802642822e-01
-2.663317024707794189e-01
-4.442118406295776367e-01
1.274095028638839722e-01
4.744754731655120850e-02
-3.879055082798004150e-01
-1.552499383687973022e-01
2.337976992130279541e-01
1.302292943000793457e-01
-7.855735719203948975e-02
3.850163817405700684e-01
2.459002137184143066e-01
-4.494481682777404785e-01
-2.689114809036254883e-01
1.869903318583965302e-02
4.424467682838439941e-02
-3.886010944843292236e-01
3.286325931549072266e-01
-2.835387885570526123e-01
1.476610451936721802e-01
-1.106414124369621277e-01
-2.919456064701080322e-01
-7.930447161197662354e-02
8.417171239852905273e-02
-6.190806031227111816e-01
1.373034715652465820e-01
1.533389836549758911e-01
3.505520820617675781e-01
1.214415207505226135e-02
-5.698770657181739807e-02
-3.306795358657836914e-01
3.225742578506469727e-01
-1.901389211416244507e-01
1.826539933681488037e-01
-1.737161427736282349e-01
-3.349158167839050293e-02
-2.755869626998901367e-01
7.585199177265167236e-02
1.536131352186203003e-01
-2.111413478851318359e-01
-4.876551032066345215e-01
3.411193564534187317e-02
7.015022635459899902e-02
2.628057301044464111e-01
3.162842392921447754e-01
-1.870159059762954712e-01
-3.612902164459228516e-01
1.293118149042129517e-01
-2.467488199472427368e-01
1.144486069679260254e-01
2.515000998973846436e-01
-1.409354805946350098e-01
-1.241300031542778015e-01
1.597362570464611053e-02
-1.196061670780181885e-01
-2.579395771026611328e-01
2.061333805322647095e-01
-3.687805533409118652e-01
-1.187398284673690796e-01
-1.293272823095321655e-01
-3.806929662823677063e-02
-3.605405092239379883e-01
1.933128684759140015e-01
-1.083133444190025330e-01
-9.305848181247711182e-02
2.874865829944610596e-01
2.030968815088272095e-01
1.427799463272094727e-01
-4.553411006927490234e-01
8.644418418407440186e-02
1.791418045759201050e-01
-3.368686735630035400e-01
-1.398527622222900391e-01
1.061061248183250427e-01
-4.422526955604553223e-01
1.894464641809463501e-01
2.525894939899444580e-01
1.954724490642547607e-01
-2.570216357707977295e-01
-1.971040219068527222e-01
-3.804185688495635986e-01
-2.565042674541473389e-01
1.305302828550338745e-01
3.533313572406768799e-01
-3.698385655879974365e-01
-2.349582016468048096e-01
4.457604885101318359e-02
4.527032077312469482e-01
2.269276678562164307e-01
1.935957521200180054e-01
-1.523557305335998535e-01
-3.214227557182312012e-01
6.208750605583190918e-02
2.425013808533549309e-03
3.120272457599639893e-01
-1.811828613281250000e-01
4.521673545241355896e-02
9.546590596437454224e-02
3.742356002330780029e-01
3.785836398601531982e-01
1.847419291734695435e-01
-4.326607286930084229e-01
-4.004437327384948730e-01
-7.392214238643646240e-02
1.795705854892730713e-01
1.381770670413970947e-01
-1.076304987072944641e-01
-3.724510073661804199e-01
-5.312492325901985168e-02
4.444785788655281067e-02
-4.287087619304656982e-01
8.158280700445175171e-02
-2.918038368225097656e-01
3.240487352013587952e-02
4.026491940021514893e-02
-2.402827329933643341e-02
2.912826240062713623e-01
4.708538204431533813e-02
-5.386160686612129211e-02
-1.440668404102325439e-01
2.472380548715591431e-01
-2.886261940002441406e-01
4.147048294544219971e-02
2.266801893711090088e-01
-8.299487084150314331e-02
3.651042282581329346e-01
-4.351825714111328125e-01
-6.439273953437805176e-01
2.672213912010192871e-01
-4.038735926151275635e-01
8.340542204678058624e-03
2.647085189819335938e-01
1.506794542074203491e-01
-5.623353123664855957e-01
3.405966758728027344e-01
5.061440542340278625e-02
1.277036964893341064e-01
7.314929366111755371e-02
-3.780826330184936523e-01
5.601555109024047852e-02
1.386864483356475830e-01
3.404589593410491943e-01
-5.034199953079223633e-01
-4.027293622493743896e-01
2.616315186023712158e-01
9.319858998060226440e-02
-1.031688600778579712e-01
1.539034098386764526e-01
-2.047854512929916382e-01
1.764667183160781860e-01
-1.120824813842773438e-01
2.228203415870666504e-01
-1.648324877023696899e-01
-2.317323982715606689e-01
-6.819601356983184814e-02
1.012268960475921631e-01
-1.806951612234115601e-01
4.675589874386787415e-02
-1.489822417497634888e-01
-2.110283821821212769e-01
2.728299796581268311e-01
2.182310521602630615e-01
2.394756525754928589e-01
-5.122395232319831848e-04
-2.841304242610931396e-01
-3.096897602081298828e-01
-3.958385810256004333e-02
6.990105658769607544e-02
1.282481104135513306e-01
4.497519135475158691e-02
2.478126734495162964e-01
1.620839238166809082e-01
-4.044811427593231201e-01
1.389589309692382812e-01
2.129063606262207031e-01
-1.593576967716217041e-01
2.300306856632232666e-01
8.736998587846755981e-02
2.927525937557220459e-01
-4.453760087490081787e-01
2.952668964862823486e-01
-1.586882472038269043e-01
-4.671442508697509766e-01
2.518683075904846191e-01
1.904997080564498901e-01
1.856999397277832031e-01
1.456180065870285034e-01
8.675879985094070435e-02
3.081521987915039062e-01
-1.052270382642745972e-01
1.853248029947280884e-01
-1.410959102213382721e-02
-5.746380686759948730e-01
-3.427754044532775879e-01
-1.825620234012603760e-01
9.156694263219833374e-02
7.273732870817184448e-02
2.350505739450454712e-01
-4.026500135660171509e-02
-3.214173614978790283e-01
-2.708191573619842529e-01
-3.598898351192474365e-01
1.472933311015367508e-02
1.052867472171783447e-01
2.884108722209930420e-01
2.956736683845520020e-01
2.771816253662109375e-01
4.642364010214805603e-02
-1.014624089002609253e-01
1.340611428022384644e-01
1.546506285667419434e-01
1.153326109051704407e-01
-5.766615867614746094e-01
2.818842232227325439e-01
8.716855943202972412e-02
1.422617584466934204e-02
1.182130500674247742e-01
-2.230636328458786011e-01
-3.196107745170593262e-01
3.628481030464172363e-01
-1.436257362365722656e-01
-4.318428784608840942e-02
9.333600103855133057e-02
3.049126565456390381e-01
-4.510751925408840179e-03
3.546136319637298584e-01
-2.000900506973266602e-01
3.029461503028869629e-01
-5.340396165847778320e-01
1.123375296592712402e-01
2.766995728015899658e-01
8.372180163860321045e-02
-3.192230463027954102e-01
-3.613617643713951111e-02
-1.868256479501724243e-01
2.360162585973739624e-01
-5.269683431833982468e-03
2.241707295179367065e-01
3.435921669006347656e-01
-1.933725923299789429e-01
9.363997727632522583e-02
2.424825578927993774e-01
-2.717215716838836670e-01
-2.202137559652328491e-01
-5.501024127006530762e-01
2.002070546150207520e-01
-3.759171348065137863e-03
6.147577241063117981e-02
1.943330653011798859e-02
3.109885454177856445e-01
-1.346418410539627075e-01
-2.016969770193099976e-01
2.716614902019500732e-01
-2.857193946838378906e-01
-6.141738593578338623e-02
7.543152570724487305e-02
-7.229145765304565430e-01
1.234657838940620422e-01
2.531832456588745117e-01
2.243470996618270874e-01
-3.493461310863494873e-01
-3.091245591640472412e-01
-2.389277070760726929e-01
-2.263278216123580933e-01
2.313445210456848145e-01
1.412136703729629517e-01
2.587700486183166504e-01
1.847685314714908600e-02
-1.647566631436347961e-02
4.083056151866912842e-01
3.002071678638458252e-01
2.647257745265960693e-01
1.247814595699310303e-01
-5.310193896293640137e-01
-2.127605974674224854e-01
-2.567804455757141113e-01
1.945500820875167847e-01
-5.470687747001647949e-01
2.233131229877471924e-01
2.772569060325622559e-01
-3.732007145881652832e-01
1.941122263669967651e-01
-2.563163340091705322e-01
2.067981362342834473e-01
2.784935534000396729e-01
-1.961513608694076538e-01
-2.060964107513427734e-01
-3.969769775867462158e-01
-5.514816939830780029e-02
-1.775308698415756226e-02
1.002790033817291260e-01
9.582278877496719360e-02
-2.258056551218032837e-01
-5.492151156067848206e-02
2.709221541881561279e-01
-2.885902822017669678e-01
2.190341800451278687e-01
-4.560171440243721008e-02
-3.151069879531860352e-01
5.814846977591514587e-02
7.413488626480102539e-02
2.958820462226867676e-01
-8.169583976268768311e-02
-2.923753559589385986e-01
-5.376842617988586426e-01
2.175885885953903198e-01
-2.064845114946365356e-01
2.055768966674804688e-01
-2.802296280860900879e-01
1.207539439201354980e-01
-5.877808481454849243e-02
1.106479614973068237e-01
2.152763456106185913e-01
-1.109028607606887817e-01
-1.540087629109621048e-02
-2.676883339881896973e-01
1.383655071258544922e-01
1.588263809680938721e-01
1.466941535472869873e-01
-6.632695794105529785e-01
-1.731920689344406128e-01
4.993148520588874817e-02
2.409168705344200134e-02
1.491899490356445312e-01
3.751258254051208496e-01
-1.354287117719650269e-01
1.525661721825599670e-02
6.862521916627883911e-02
3.241190314292907715e-01
-2.514331936836242676e-01
2.416320592164993286e-01
1.195612400770187378e-01
-5.383564233779907227e-01
-6.602476537227630615e-02
8.574925363063812256e-02
5.648594349622726440e-02
2.485816329717636108e-01
-1.179691627621650696e-01
-2.776266932487487793e-01
-3.543749749660491943e-01
-1.290016323328018188e-01
2.317650616168975830e-01
-8.075141906738281250e-02
1.105318367481231689e-01
2.679117918014526367e-01
-2.194313853979110718e-01
-1.251430958509445190e-01
1.265297234058380127e-01
8.478567004203796387e-02
-6.446690857410430908e-02
3.368285596370697021e-01
5.678350850939750671e-02
-6.819357629865407944e-03
9.609454870223999023e-02
-4.898653626441955566e-01
-3.807876706123352051e-01
1.408563405275344849e-01
3.901769220829010010e-01
1.917781084775924683e-01
-2.657192647457122803e-01
-9.777326136827468872e-03
-2.605976164340972900e-01
-4.791684821248054504e-02
-1.622631102800369263e-01
-1.378670483827590942e-01
-4.408436268568038940e-02
1.300183087587356567e-01
2.677414417266845703e-01
-1.332683563232421875e-01
-3.289262950420379639e-01
-3.037054091691970825e-02
3.021743595600128174e-01
-3.297043442726135254e-01
1.443067193031311035e-01
-3.308750987052917480e-01
-1.658669561147689819e-01
2.996646165847778320e-01
4.613280296325683594e-02
1.957663446664810181e-01
1.715268790721893311e-01
-3.512568473815917969e-01
2.637213170528411865e-01
-9.119424968957901001e-02
-1.142966002225875854e-02
1.608127206563949585e-01
9.244420379400253296e-02
-3.020028471946716309e-01
3.062301874160766602e-01
2.696100175380706787e-01
-6.019554138183593750e-01
1.973408758640289307e-01
-2.165029756724834442e-02
-5.338647589087486267e-02
-1.725517213344573975e-01
1.056446656584739685e-01
-4.884048104286193848e-01
1.066981330513954163e-01
3.657448589801788330e-01
1.081307753920555115e-01
1.729473769664764404e-01
2.460251450538635254e-01
3.713536858558654785e-01
-2.555222213268280029e-01
2.264774590730667114e-02
1.949362158775329590e-01
-2.089647054672241211e-01
-4.934317469596862793e-01
1.006576046347618103e-01
