-1.520205140113830566e-01
-1.142406389117240906e-01
1.416613608598709106e-01
-2.200958728790283203e-01
-3.336291015148162842e-02
2.213878780603408813e-01
-1.840058714151382446e-01
3.496109247207641602e-01
9.751659631729125977e-02
5.961551517248153687e-02
1.611309498548507690e-01
-3.689908683300018311e-01
2.600028514862060547e-01
1.661047339439392090e-01
-1.257631480693817139e-01
2.722644805908203125e-01
-8.911938220262527466e-02
3.709242045879364014e-01
1.948377937078475952e-01
-1.275437623262405396e-01
4.756776988506317139e-02
2.644343078136444092e-01
3.589248657226562500e-01
-2.044934481382369995e-01
-3.349540382623672485e-02
-4.101294279098510742e-01
-1.583748608827590942e-01
1.900229901075363159e-01
4.609866067767143250e-03
1.423313915729522705e-01
6.555883586406707764e-02
-2.302835732698440552e-01
1.704564094543457031e-01
-2.518994510173797607e-01
8.215929567813873291e-02
2.071243226528167725e-01
-1.540275663137435913e-01
7.243706285953521729e-02
2.176416516304016113e-01
-1.291586905717849731e-01
3.703834414482116699e-01
-1.069817915558815002e-01
-2.287377044558525085e-02
5.848678350448608398e-01
2.488432377576828003e-01
-1.404739916324615479e-01
1.485898792743682861e-01
1.464022547006607056e-01
3.117740452289581299e-01
1.138558313250541687e-01
-2.033078223466873169e-01
2.530231373384594917e-03
-6.432688981294631958e-02
-5.161812528967857361e-02
1.736848205327987671e-01
-1.305411159992218018e-01
-1.889977753162384033e-01
-1.718242317438125610e-01
-2.761175632476806641e-01
2.752197086811065674e-01
3.898221999406814575e-02
-1.413584649562835693e-01
-1.794068068265914917e-01
-3.807508051395416260e-01
3.069898188114166260e-01
2.799855768680572510e-01
3.638216853141784668e-01
-1.491107791662216187e-01
-1.785085350275039673e-02
2.656473517417907715e-01
-3.917344659566879272e-02
1.911939866840839386e-02
6.884482502937316895e-02
4.697262346744537354e-01
-3.691476583480834961e-02
-2.654415667057037354e-01
-3.010374009609222412e-01
-2.367461919784545898e-01
-3.941761329770088196e-02
5.478897690773010254e-02
-2.502367198467254639e-01
-4.348603636026382446e-02
-1.504381448030471802e-01
-9.538566693663597107e-03
1.922635287046432495e-01
4.007707163691520691e-02
1.648990511894226074e-01
-1.419181227684020996e-01
-2.438896149396896362e-01
2.505230605602264404e-01
2.349727600812911987e-01
2.480623424053192139e-01
-3.198002278804779053e-01
-4.275947809219360352e-01
9.826697409152984619e-02
1.456983536481857300e-01
3.072018325328826904e-01
-3.651149272918701172e-01
2.471127547323703766e-02
1.035711169242858887e-01
-3.360525667667388916e-01
-1.526814326643943787e-02
-1.895583271980285645e-01
8.436158299446105957e-02
1.238709986209869385e-01
-2.771257460117340088e-01
-2.647851034998893738e-02
1.975558139383792877e-02
-2.085832180455327034e-03
1.654305458068847656e-01
8.064233511686325073e-02
4.298415780067443848e-02
-1.133977249264717102e-01
-1.260788738727569580e-01
-1.518139243125915527e-01
2.264190316200256348e-01
1.199325248599052429e-01
-2.347500296309590340e-03
-7.405274361371994019e-02
-1.288656145334243774e-01
7.025154680013656616e-02
2.239790558815002441e-01
7.589562237262725830e-02
-2.590057849884033203e-01
1.266014277935028076e-01
