2.480188608169555664e-01
-7.654317617416381836e-01
-3.169228136539459229e-02
2.076295018196105957e-01
-2.345908880233764648e-01
-1.596679091453552246e-01
-6.438634395599365234e-01
-4.530229046940803528e-02
-1.305770725011825562e-01
2.303610146045684814e-01
-9.663970768451690674e-02
4.576409161090850830e-01
-6.003744155168533325e-02
1.667197048664093018e-01
4.532528817653656006e-01
2.025963813066482544e-01
7.831638455390930176e-01
-8.169407248497009277e-01
2.557480633258819580e-01
1.444581598043441772e-01
2.662982940673828125e-01
2.157247662544250488e-01
-1.028863191604614258e+00
3.012347817420959473e-01
-3.294580578804016113e-01
4.046679139137268066e-01
-1.241314768791198730e+00
3.948064520955085754e-02
5.194224044680595398e-02
2.298969477415084839e-01
2.110833078622817993e-01
-2.558041810989379883e-01
6.118733286857604980e-01
7.909004688262939453e-01
7.074407339096069336e-01
4.657894074916839600e-01
4.463880062103271484e-01
2.986151874065399170e-01
2.244318574666976929e-01
6.713215112686157227e-01
3.630457520484924316e-01
8.608939051628112793e-01
-1.267414689064025879e-01
6.395343542098999023e-01
-7.285356521606445312e-02
5.070126056671142578e-01
1.627509146928787231e-01
-5.609361529350280762e-01
6.924243569374084473e-01
-2.968930900096893311e-01
7.350144982337951660e-01
-1.158406257629394531e+00
5.618698596954345703e-01
6.367104053497314453e-01
-4.208488389849662781e-02
7.018860578536987305e-01
-2.531212270259857178e-01
5.818876028060913086e-01
8.876320123672485352e-01
8.377965688705444336e-01
9.655536413192749023e-01
6.678448915481567383e-01
5.020437240600585938e-01
5.739865303039550781e-01
5.827023386955261230e-01
8.212913274765014648e-01
6.734194159507751465e-01
6.518494486808776855e-01
7.000004053115844727e-01
2.035533189773559570e-01
5.212101340293884277e-01
-2.946897223591804504e-02
-1.378954667598009109e-02
3.316781520843505859e-01
4.198875427246093750e-01
4.731941521167755127e-01
-5.418102145195007324e-01
6.896378397941589355e-01
3.557159602642059326e-01
1.810227781534194946e-01
5.087834000587463379e-01
2.792629301548004150e-01
5.706208944320678711e-01
8.724548816680908203e-01
5.961766242980957031e-01
5.443802475929260254e-01
5.721993446350097656e-01
3.569892048835754395e-01
4.428938031196594238e-01
9.853565692901611328e-01
1.238923072814941406e-01
3.463592827320098877e-01
6.026299595832824707e-01
-2.238182164728641510e-02
5.211264491081237793e-01
-8.911830186843872070e-02
8.724415302276611328e-02
4.707295000553131104e-01
-2.038380131125450134e-02
9.165366888046264648e-01
-1.529562026262283325e-01
3.238407969474792480e-01
-6.409427523612976074e-02
6.185115501284599304e-02
-1.435343921184539795e-01
4.054086208343505859e-01
7.581501007080078125e-01
5.419412255287170410e-01
1.671769767999649048e-01
6.784597039222717285e-01
2.998681962490081787e-01
6.459004282951354980e-01
2.478490322828292847e-01
-3.186266720294952393e-01
4.614819884300231934e-01
-1.379647254943847656e-01
3.222996890544891357e-01
6.054716706275939941e-01
-3.940009474754333496e-01
8.496399968862533569e-03
-5.332970619201660156e-01
1.407079845666885376e-01
2.972907125949859619e-01
-2.540536820888519287e-01
2.413415461778640747e-01
