-2.183223515748977661e-01
1.341291666030883789e-01
-5.458103492856025696e-02
-7.805111259222030640e-02
1.612362861633300781e-01
-1.135029941797256470e-01
-8.618751540780067444e-03
1.501462310552597046e-01
-2.615244090557098389e-01
1.381390541791915894e-01
-1.796919405460357666e-01
-1.265121102333068848e-01
1.808928549289703369e-01
1.456878185272216797e-01
-1.966535598039627075e-01
3.036639280617237091e-02
-1.320863068103790283e-01
-1.409055739641189575e-01
1.694179475307464600e-01
-1.468070298433303833e-01
-1.098879650235176086e-01
-2.318638265132904053e-01
-1.509291678667068481e-01
4.341910406947135925e-02
7.680529356002807617e-02
3.721120208501815796e-02
-6.626693904399871826e-02
-2.590923756361007690e-02
1.867591887712478638e-01
1.755892336368560791e-01
6.082572415471076965e-02
1.876920163631439209e-01
5.610995367169380188e-02
-1.060617640614509583e-01
-5.747127532958984375e-02
2.482032924890518188e-01
-2.594108283519744873e-01
1.195720061659812927e-01
-2.304535061120986938e-01
2.128489464521408081e-01
-5.182537063956260681e-02
2.558538317680358887e-01
1.789464801549911499e-01
-1.927675455808639526e-01
-8.798427134752273560e-02
-1.349404454231262207e-01
-1.673608720302581787e-01
1.328603327274322510e-01
-6.358247995376586914e-02
-2.637165188789367676e-01
1.682045459747314453e-01
2.376181483268737793e-01
-6.378527730703353882e-02
9.374807029962539673e-02
3.733606263995170593e-02
-2.021481692790985107e-01
-5.810420261695981026e-04
-1.405770629644393921e-01
5.824325233697891235e-02
-2.782078832387924194e-02
1.072299852967262268e-01
9.047869592905044556e-02
2.370517551898956299e-01
1.059088408946990967e-01
-2.018327116966247559e-01
-1.260355561971664429e-01
1.429715007543563843e-01
-2.127288840711116791e-02
2.121724486351013184e-01
-1.556857079267501831e-01
-1.320316791534423828e-01
2.580842189490795135e-02
-1.785367578268051147e-01
4.133948683738708496e-02
-8.105330169200897217e-02
1.412525624036788940e-01
1.621965765953063965e-01
-9.633983671665191650e-02
7.133432477712631226e-02
1.352747529745101929e-01
-1.295624524354934692e-01
1.338858902454376221e-02
1.625100076198577881e-01
-6.965614855289459229e-02
1.912966668605804443e-01
-1.439351821318268776e-03
-1.316865235567092896e-01
1.851393133401870728e-01
8.657975494861602783e-02
1.250704228878021240e-01
9.452164173126220703e-02
-2.301561832427978516e-01
7.600875943899154663e-02
4.441855847835540771e-02
-4.623906314373016357e-02
-6.212257593870162964e-02
-2.555257081985473633e-01
7.424009591341018677e-02
-1.592060476541519165e-01
-7.795543409883975983e-03
5.975745245814323425e-02
-3.117923140525817871e-01
6.740044802427291870e-03
2.171214967966079712e-01
-1.598170101642608643e-01
1.958664357662200928e-01
-3.029629290103912354e-01
-9.680371731519699097e-02
1.060462743043899536e-01
-9.159657359123229980e-02
-2.999730110168457031e-01
-4.254392161965370178e-02
-9.333337098360061646e-02
1.372542828321456909e-01
-1.647672355175018311e-01
-1.630126498639583588e-02
-2.591885626316070557e-01
8.913452178239822388e-02
9.586872905492782593e-02
1.569842994213104248e-01
-4.316195473074913025e-02
6.229078024625778198e-02
2.893384173512458801e-02
1.091185659170150757e-01
-1.591523885726928711e-01
1.258963048458099365e-01
-2.524401247501373291e-01
7.589862495660781860e-02
8.388167619705200195e-02
2.171210758388042450e-02
-7.824620604515075684e-02
6.230353191494941711e-02
1.556777507066726685e-01
-2.077887058258056641e-01
-5.889512971043586731e-02
-4.094719141721725464e-02
2.867288142442703247e-02
-1.679370105266571045e-01
-8.182286471128463745e-02
-1.194343566894531250e-01
6.019566208124160767e-02
-1.173450499773025513e-01
2.398460507392883301e-01
1.485742181539535522e-01
1.839709840714931488e-02
-1.673780381679534912e-01
9.210460633039474487e-02
-1.295548379421234131e-01
-2.387351542711257935e-01
-3.199753463268280029e-01
-5.128856748342514038e-02
2.060597389936447144e-01
-9.475012123584747314e-02
9.524375945329666138e-02
1.745297908782958984e-01
-1.008154749870300293e-01
-1.204341724514961243e-01
6.028247624635696411e-02
-2.899987995624542236e-01
-7.006920874118804932e-02
-1.143415942788124084e-01
1.470355391502380371e-01
1.518251895904541016e-01
-1.711719632148742676e-01
1.520636379718780518e-01
1.014395430684089661e-01
-1.811129301786422729e-01
2.199496328830718994e-01
2.525399327278137207e-01
2.330252528190612793e-01
-5.969933420419692993e-02
-2.115064710378646851e-01
9.239768981933593750e-02
-1.863583177328109741e-01
8.606386184692382812e-02
-1.659236103296279907e-01
-4.101955797523260117e-03
8.422163873910903931e-02
1.168950051069259644e-01
5.351889505982398987e-02
1.962098926305770874e-01
-8.106020279228687286e-03
-1.155565828084945679e-01
-9.841287136077880859e-02
-1.220219060778617859e-01
-1.737643182277679443e-01
-7.796099781990051270e-02
-1.237059105187654495e-02
1.434688717126846313e-01
6.838805973529815674e-02
1.605888903141021729e-01
2.065980583429336548e-01
-1.485053300857543945e-01
-1.143809780478477478e-01
-1.533875465393066406e-01
1.470670849084854126e-01
1.200667098164558411e-01
-1.581290215253829956e-01
-4.719937592744827271e-02
-3.031137213110923767e-02
2.191872149705886841e-01
2.890806198120117188e-01
1.300121396780014038e-01
-1.879921108484268188e-01
-9.458845853805541992e-02
9.878599643707275391e-02
2.366468869149684906e-02
1.105698198080062866e-01
-1.560871601104736328e-01
-1.279988288879394531e-01
-2.014896720647811890e-01
-2.587303221225738525e-01
-2.605683505535125732e-01
1.113617420196533203e-01
-1.707882136106491089e-01
1.409864276647567749e-01
-1.942969560623168945e-01
1.631912887096405029e-01
1.853752881288528442e-01
-8.892729878425598145e-02
-1.370063275098800659e-01
1.758197396993637085e-01
-2.124127447605133057e-01
-1.041959002614021301e-01
-3.781273961067199707e-02
-2.863669395446777344e-01
-8.294889703392982483e-03
4.981432482600212097e-02
1.001728475093841553e-01
-1.126553267240524292e-01
-1.849874407052993774e-01
-2.664951980113983154e-02
2.481653690338134766e-01
5.480864644050598145e-02
1.463221758604049683e-01
-3.911459073424339294e-02
-7.664110511541366577e-02
-8.353282511234283447e-02
1.837033964693546295e-02
1.052094846963882446e-01
-1.444476544857025146e-01
-1.969776153564453125e-01
-2.435056120157241821e-01
-4.391992837190628052e-02
-2.773566842079162598e-01
-2.444069646298885345e-02
1.331433355808258057e-01
-7.721471786499023438e-02
5.558982864022254944e-02
-6.962186098098754883e-02
-1.778686493635177612e-01
-2.780448496341705322e-01
2.544251084327697754e-01
-7.280059903860092163e-02
-2.365962117910385132e-01
-2.476123161613941193e-02
-6.879588216543197632e-02
-4.761929064989089966e-02
7.759704720228910446e-03
-7.291978597640991211e-02
-2.114015370607376099e-01
7.844240963459014893e-02
8.837870322167873383e-03
1.557504385709762573e-01
-3.582869470119476318e-02
-2.432764470577239990e-01
-5.000215023756027222e-02
1.208429038524627686e-01
-1.584057807922363281e-01
1.885286867618560791e-01
1.466294080018997192e-01
8.451813459396362305e-02
8.376449346542358398e-03
3.220500051975250244e-02
-1.652215123176574707e-01
1.009652465581893921e-01
-1.196068823337554932e-01
1.394338309764862061e-01
-1.623258888721466064e-01
-6.701747328042984009e-02
6.665127724409103394e-02
2.270893007516860962e-01
1.462243944406509399e-01
1.777691394090652466e-01
-5.241837352514266968e-02
-2.110698372125625610e-01
4.929697513580322266e-02
1.607343256473541260e-01
-1.913842372596263885e-02
-8.097393810749053955e-02
2.769571244716644287e-01
3.978653345257043839e-03
1.241917908191680908e-01
-1.356846839189529419e-01
-1.270679198205471039e-02
-2.445754110813140869e-01
-8.393809199333190918e-02
-1.747853755950927734e-01
2.270440906286239624e-01
9.413694590330123901e-02
-2.125930786132812500e-01
1.255213320255279541e-01
-1.789440363645553589e-01
8.755007386207580566e-02
2.083798497915267944e-01
-1.927803829312324524e-02
1.442806720733642578e-01
1.625675708055496216e-01
1.566849648952484131e-01
2.453505098819732666e-01
2.311571091413497925e-01
2.817642986774444580e-01
-3.659341856837272644e-02
-9.448844008147716522e-03
-2.770699858665466309e-01
1.648503541946411133e-01
2.072292268276214600e-01
-1.124108657240867615e-01
-1.316658705472946167e-01
9.917353093624114990e-02
-1.708424240350723267e-01
2.701254189014434814e-01
2.377217710018157959e-01
-7.969149947166442871e-02
-8.725874125957489014e-02
3.541576117277145386e-02
3.235710039734840393e-02
-2.951787114143371582e-01
-2.933482527732849121e-01
-2.538814544677734375e-01
9.468552470207214355e-02
1.194080263376235962e-01
-4.817670211195945740e-02
-1.995130777359008789e-01
2.149413973093032837e-01
8.325792849063873291e-02
7.596729695796966553e-02
2.654064819216728210e-02
-9.501476585865020752e-02
2.127626985311508179e-01
-2.589896023273468018e-01
1.809005886316299438e-01
1.912538558244705200e-01
-3.297420442104339600e-01
-1.816518753767013550e-01
2.206312865018844604e-01
-1.314903795719146729e-01
2.432847023010253906e-01
-7.097188383340835571e-02
-2.872345596551895142e-02
1.735873706638813019e-02
8.995469659566879272e-02
-2.764344513416290283e-01
-2.237550355494022369e-02
3.783248737454414368e-02
1.382734328508377075e-01
-1.172923203557729721e-02
6.831017881631851196e-02
5.011157318949699402e-02
-1.197529882192611694e-01
-1.663625836372375488e-01
6.028824672102928162e-02
-2.027680277824401855e-01
-2.818218246102333069e-02
1.202913746237754822e-02
2.576340138912200928e-01
-1.846473067998886108e-01
-9.367450326681137085e-02
-7.982293516397476196e-02
9.981850534677505493e-02
-4.173737019300460815e-03
-3.270045667886734009e-02
-2.411275207996368408e-01
-8.585159480571746826e-02
1.921108067035675049e-01
3.085290268063545227e-02
-4.664122313261032104e-02
-1.101676598191261292e-01
-1.518232375383377075e-01
4.471435025334358215e-02
-1.028141602873802185e-01
1.357878744602203369e-01
-1.764130145311355591e-01
6.318291276693344116e-02
-1.375690102577209473e-01
1.869257837533950806e-01
-1.764710098505020142e-01
-2.648302614688873291e-01
-1.253249794244766235e-01
2.067079395055770874e-01
-1.964723914861679077e-01
2.260649390518665314e-02
-7.006213814020156860e-02
1.870323158800601959e-02
2.687708437442779541e-01
-1.790584921836853027e-01
9.942942298948764801e-03
-4.636039584875106812e-02
5.981622263789176941e-02
2.567164599895477295e-01
1.176576241850852966e-01
-1.967343688011169434e-01
-1.456294059753417969e-01
-7.929562777280807495e-02
9.331934154033660889e-02
2.283138632774353027e-01
-5.060180649161338806e-02
2.335689663887023926e-01
7.699582725763320923e-02
-2.137607634067535400e-01
-2.348950207233428955e-01
-6.736411899328231812e-02
-1.508721262216567993e-01
-1.878695040941238403e-01
-1.069756075739860535e-01
1.641222089529037476e-01
7.294902950525283813e-02
-7.051187753677368164e-02
-1.762831658124923706e-01
6.555552780628204346e-02
-1.634426862001419067e-01
-3.238439187407493591e-02
2.550348639488220215e-01
8.890017122030258179e-02
9.598772972822189331e-02
2.068535089492797852e-01
1.779408454895019531e-01
-1.364563126116991043e-02
-2.466202676296234131e-01
-1.715290695428848267e-01
-2.157695963978767395e-02
1.273850798606872559e-01
5.485670641064643860e-02
-2.535044848918914795e-01
1.564163416624069214e-01
-3.680804967880249023e-01
1.192602142691612244e-01
-1.423129290342330933e-01
-1.603685021400451660e-01
-2.634660303592681885e-01
1.602347642183303833e-01
1.602433994412422180e-02
1.807011961936950684e-01
-9.916513413190841675e-02
-1.743309050798416138e-01
-1.660943627357482910e-01
-2.604873478412628174e-01
-8.068837923929095268e-04
-1.211129352450370789e-01
1.665012836456298828e-01
1.452868133783340454e-01
1.066040247678756714e-02
1.936036348342895508e-01
-2.115382812917232513e-02
9.637574665248394012e-03
1.789426356554031372e-01
3.849321976304054260e-02
-2.233864068984985352e-01
1.550972908735275269e-01
-9.927451610565185547e-02
2.284150570631027222e-02
-1.964258104562759399e-01
-1.970516592264175415e-01
1.886532008647918701e-01
-1.295900940895080566e-01
1.295784413814544678e-01
5.631209164857864380e-02
7.436298578977584839e-02
-1.155750676989555359e-01
-2.714682556688785553e-02
-1.762379854917526245e-01
4.711139574646949768e-02
4.879704117774963379e-02
5.304823815822601318e-02
1.553399115800857544e-01
-2.694897949695587158e-01
-1.840488016605377197e-01
-1.505151391029357910e-01
-7.921366393566131592e-02
1.056652441620826721e-01
1.764969080686569214e-01
-2.206784486770629883e-01
1.042553633451461792e-01
-1.087584495544433594e-01
6.295303255319595337e-02
5.321880429983139038e-02
6.882839649915695190e-02
8.308277279138565063e-02
1.168765574693679810e-01
5.190264061093330383e-02
4.243574663996696472e-02
-1.864504814147949219e-01
-1.759700626134872437e-01
3.493895009160041809e-02
-1.853989809751510620e-02
1.436814516782760620e-01
-1.502398699522018433e-01
-1.285855174064636230e-01
-1.436196267604827881e-01
2.876125574111938477e-01
1.654503196477890015e-01
-6.335338205099105835e-02
-9.401140362024307251e-02
2.247806042432785034e-01
1.847307235002517700e-01
2.030634135007858276e-01
2.550787106156349182e-02
-3.210906088352203369e-01
3.921554237604141235e-02
-1.093470901250839233e-01
-1.022653505206108093e-01
-2.543039023876190186e-01
-2.070900984108448029e-02
-3.228069841861724854e-02
-2.284474372863769531e-01
7.620432227849960327e-02
-5.897571146488189697e-02
-2.214600145816802979e-01
-1.174357682466506958e-01
5.856170132756233215e-02
2.417372912168502808e-01
-9.031918644905090332e-02
-1.781532764434814453e-01
-9.875669330358505249e-02
9.392593055963516235e-02
-2.027013152837753296e-01
7.928566634654998779e-02
5.984932929277420044e-02
-1.918874531984329224e-01
-1.875333040952682495e-01
2.092495113611221313e-01
-1.327397823333740234e-01
-1.628813594579696655e-01
7.330665737390518188e-02
-8.699447661638259888e-02
2.981214523315429688e-01
-1.410452276468276978e-01
9.569201618432998657e-02
-8.052572607994079590e-02
-2.779556810855865479e-01
1.857310980558395386e-01
-1.586261391639709473e-01
-2.927639186382293701e-01
-1.735126823186874390e-01
-1.950501948595046997e-01
1.542053967714309692e-01
-1.265710592269897461e-01
1.323384344577789307e-01
2.853524312376976013e-02
1.364651620388031006e-01
-1.556252390146255493e-01
1.750011593103408813e-01
-2.595272287726402283e-02
-2.153238356113433838e-01
1.160513143986463547e-02
1.216650307178497314e-01
1.072403714060783386e-01
5.004752054810523987e-02
1.090797111392021179e-01
-4.538865759968757629e-02
-7.874256372451782227e-02
-1.623626947402954102e-01
9.056398272514343262e-02
-6.966717541217803955e-02
-1.116216406226158142e-01
-1.894051954150199890e-02
-9.225858747959136963e-02
-1.883050352334976196e-01
1.876793950796127319e-01
7.507843524217605591e-02
6.752048432826995850e-02
-1.818752288818359375e-02
-2.122866958379745483e-01
3.085210174322128296e-02
1.193598508834838867e-01
-7.953391969203948975e-02
-5.409632250666618347e-02
1.086018905043601990e-01
-2.058031708002090454e-01
1.728689670562744141e-01
2.125498466193675995e-02
1.749217659235000610e-01
4.226559773087501526e-03
-5.222128704190254211e-02
1.350955367088317871e-01
-2.944952845573425293e-01
-6.044607982039451599e-02
9.857290238142013550e-02
7.942591793835163116e-03
1.366938948631286621e-01
-1.778548359870910645e-01
-1.024111136794090271e-01
1.447684019804000854e-01
-1.447750926017761230e-01
4.167139530181884766e-02
-5.210338160395622253e-02
-1.604613214731216431e-01
-1.428247094154357910e-01
6.423787772655487061e-02
9.175153821706771851e-02
-8.794500678777694702e-02
-2.013603895902633667e-01
-5.982813984155654907e-02
1.275421530008316040e-01
-3.374687954783439636e-02
-3.409839421510696411e-02
5.748602002859115601e-02
1.711881905794143677e-01
1.680839210748672485e-01
1.187078207731246948e-01
-9.371938556432723999e-02
-2.233118563890457153e-01
-1.826530136168003082e-02
2.871519699692726135e-02
5.332940444350242615e-02
6.362494081258773804e-02
1.072106957435607910e-01
8.468599617481231689e-02
-1.927603185176849365e-01
-1.880729496479034424e-01
1.461462229490280151e-01
-1.188565194606781006e-01
-2.051643729209899902e-01
-1.359941512346267700e-01
5.882971733808517456e-02
1.341927796602249146e-01
2.161854654550552368e-01
-9.440114349126815796e-02
-6.807663477957248688e-03
7.276471704244613647e-02
-3.209361433982849121e-01
-1.825363487005233765e-01
8.485204726457595825e-02
2.211893647909164429e-01
-8.387655764818191528e-02
-8.466910570859909058e-02
-1.267338246107101440e-01
4.955657571554183960e-02
-1.265735775232315063e-01
-3.081405162811279297e-01
-2.028143554925918579e-01
2.688457667827606201e-01
-1.302310377359390259e-01
-5.065752565860748291e-02
2.158481180667877197e-01
-2.143775969743728638e-01
-2.268770523369312286e-02
2.073267549276351929e-01
-2.447769492864608765e-01
-2.899725437164306641e-01
-1.995417028665542603e-01
-2.337081879377365112e-01
2.546980381011962891e-01
-1.530762910842895508e-01
8.283899724483489990e-02
-1.698580086231231689e-01
-6.906656175851821899e-02
-2.111257985234260559e-02
-1.479132771492004395e-01
-1.873683929443359375e-01
-1.239796057343482971e-01
-1.620127707719802856e-01
1.563825607299804688e-01
-1.939332857728004456e-02
-1.127488166093826294e-02
-1.962644010782241821e-01
2.657254040241241455e-01
-1.717023849487304688e-01
8.254486322402954102e-02
2.362598627805709839e-01
4.035808145999908447e-02
1.454111486673355103e-01
7.990267872810363770e-02
2.873270809650421143e-01
-1.674761064350605011e-02
-1.816950589418411255e-01
-1.342590004205703735e-01
-1.710095703601837158e-01
-1.469244360923767090e-01
-2.052644491195678711e-01
6.083161011338233948e-02
2.204653024673461914e-01
1.078927442431449890e-01
1.825538426637649536e-01
-2.602967806160449982e-02
7.965730875730514526e-02
-1.888997405767440796e-01
1.971748471260070801e-01
-2.052543908357620239e-01
1.165428683161735535e-01
-9.311605244874954224e-02
-1.234017089009284973e-01
7.283612340688705444e-02
3.049960359930992126e-02
-4.502527043223381042e-02
-1.349068880081176758e-01
-2.011324465274810791e-02
3.064722716808319092e-01
-2.870947718620300293e-01
-1.306086927652359009e-01
9.052664041519165039e-02
1.305634249001741409e-02
-8.524040877819061279e-02
7.501790672540664673e-02
-1.792973577976226807e-01
-1.355511546134948730e-01
3.744602575898170471e-02
-4.918030928820371628e-03
-2.285378277301788330e-01
-3.061651289463043213e-01
2.292310446500778198e-01
1.992189735174179077e-01
-1.161312907934188843e-01
1.398263126611709595e-01
-2.196978591382503510e-02
2.877191174775362015e-03
2.438976913690567017e-01
-7.138008624315261841e-02
1.503463238477706909e-01
-1.539165228605270386e-01
3.061440028250217438e-02
1.034698635339736938e-01
2.188058048486709595e-01
4.392391070723533630e-03
2.833391427993774414e-01
-2.034208327531814575e-01
1.250439975410699844e-02
1.458415240049362183e-01
-2.222530096769332886e-01
1.553246229887008667e-01
-8.846935629844665527e-02
2.559989094734191895e-01
-2.686242163181304932e-01
1.663868427276611328e-01
-1.936438977718353271e-01
-1.757405400276184082e-01
2.379499673843383789e-01
-3.530289232730865479e-02
-1.312370896339416504e-01
-1.805546581745147705e-01
-1.201985478401184082e-01
1.483337581157684326e-01
1.032808348536491394e-01
-2.139079272747039795e-01
-1.666230149567127228e-02
7.064420729875564575e-02
6.556295603513717651e-02
4.045434296131134033e-02
1.048200875520706177e-01
1.251973360776901245e-01
1.555721908807754517e-01
-1.892922669649124146e-01
-3.618643805384635925e-02
8.052674680948257446e-02
1.402008086442947388e-01
-2.983043491840362549e-01
-7.744295150041580200e-02
3.146576285362243652e-01
2.007408812642097473e-02
-1.168923899531364441e-01
-1.894103288650512695e-01
1.474375277757644653e-01
-1.280668526887893677e-01
2.471931874752044678e-01
-2.148523628711700439e-01
7.894715666770935059e-02
-1.088395789265632629e-01
1.846976876258850098e-01
1.236059442162513733e-01
-2.544003725051879883e-02
-1.124589964747428894e-01
7.391540706157684326e-02
-3.361027687788009644e-02
1.439115870743989944e-02
-1.212834790349006653e-01
-3.164961189031600952e-02
1.628656056709587574e-03
1.669009476900100708e-01
-1.573189049959182739e-01
-5.933071300387382507e-02
-8.460078970529139042e-04
1.949388086795806885e-01
-2.459234930574893951e-02
1.819638907909393311e-01
2.295356988906860352e-01
2.168572098016738892e-01
-3.496655523777008057e-01
-6.384533643722534180e-02
-2.360603958368301392e-01
1.045904159545898438e-01
1.288676708936691284e-01
6.779580563306808472e-02
2.299846112728118896e-01
1.946087628602981567e-01
4.789895936846733093e-02
-2.241542041301727295e-01
1.587537974119186401e-01
8.167563378810882568e-02
-8.408520370721817017e-02
-2.051399797201156616e-01
-2.149021923542022705e-01
-2.033790946006774902e-01
1.707542687654495239e-01
6.501209735870361328e-02
-1.142035946249961853e-01
-1.181232184171676636e-01
4.052274674177169800e-02
-2.454566955566406250e-01
1.495242863893508911e-01
2.256765961647033691e-02
-5.370754748582839966e-02
-1.400968879461288452e-01
-2.821144759654998779e-01
-1.880515068769454956e-01
1.491168141365051270e-01
4.139882326126098633e-02
-2.396141551434993744e-02
5.584970861673355103e-02
-2.296139150857925415e-01
-2.291182875633239746e-01
2.530374228954315186e-01
1.921014040708541870e-01
1.882122308015823364e-01
-1.027428731322288513e-02
-2.472525537014007568e-01
-1.038172245025634766e-01
-1.906712055206298828e-01
5.358804017305374146e-02
-8.428773842751979828e-03
-4.255001619458198547e-02
7.646008580923080444e-02
-1.549077183008193970e-01
1.023843185976147652e-03
1.987876296043395996e-01
-8.123932033777236938e-02
1.477817539125680923e-02
7.054921239614486694e-02
-2.048967480659484863e-01
9.372717887163162231e-02
-1.459802836179733276e-01
-2.984549701213836670e-01
7.108920067548751831e-02
1.001995354890823364e-01
1.473643928766250610e-01
-2.945595048367977142e-02
1.060544699430465698e-01
-1.194310188293457031e-01
-7.373200356960296631e-02
2.271653860807418823e-01
-2.042292654514312744e-01
-8.371151983737945557e-02
-2.299214527010917664e-02
-7.953268289566040039e-02
4.542753100395202637e-02
-1.981432735919952393e-02
2.078256942331790924e-02
-6.366012990474700928e-02
1.605053395032882690e-01
2.565747201442718506e-01
-2.739640884101390839e-02
1.897403895854949951e-01
7.342315465211868286e-02
-2.667304873466491699e-01
-7.790376991033554077e-02
1.719208508729934692e-01
-2.010805308818817139e-01
3.356888517737388611e-02
5.838903039693832397e-02
1.165204048156738281e-01
-1.989750564098358154e-01
2.174655497074127197e-01
-4.062768444418907166e-02
-1.009797528386116028e-01
1.123282611370086670e-01
-1.392836421728134155e-01
1.207387745380401611e-01
-2.010138034820556641e-01
-2.650019228458404541e-01
5.185471847653388977e-02
-8.827975834719836712e-04
-2.249561995267868042e-01
-2.670956552028656006e-01
-1.190827712416648865e-01
1.840670406818389893e-01
-1.258207559585571289e-01
2.777613326907157898e-02
-2.404568940401077271e-01
-9.322016686201095581e-02
2.541652619838714600e-01
-1.442310214042663574e-01
1.866067349910736084e-01
-1.980676800012588501e-01
1.131913140416145325e-01
-2.179676443338394165e-01
-6.125738099217414856e-02
5.004524439573287964e-02
1.108467876911163330e-01
2.184564024209976196e-01
4.011464770883321762e-03
1.496755480766296387e-01
-4.120578616857528687e-02
-2.196678519248962402e-01
-3.698081150650978088e-02
-6.902278959751129150e-02
2.188235670328140259e-01
2.214338779449462891e-01
-1.369415074586868286e-01
-1.495852321386337280e-01
4.207695834338665009e-03
2.593302130699157715e-01
-1.716476865112781525e-02
-4.538057148456573486e-01
-1.006978526711463928e-01
-1.698858439922332764e-01
-6.809864658862352371e-03
-1.587703824043273926e-01
1.292095035314559937e-01
-1.182017400860786438e-01
9.630332887172698975e-02
1.222147271037101746e-01
-7.920904085040092468e-03
1.598887443542480469e-01
1.750001758337020874e-01
-2.274607419967651367e-01
2.538691461086273193e-01
-1.751671433448791504e-01
9.488372504711151123e-02
1.964572221040725708e-01
-4.447692260146141052e-02
-1.859748065471649170e-01
-1.448148638010025024e-01
-2.681833505630493164e-01
1.640557050704956055e-01
-2.067979872226715088e-01
4.472681134939193726e-02
2.769787679426372051e-04
1.117581734433770180e-03
-8.056235499680042267e-03
-1.207823231816291809e-01
-3.433260917663574219e-01
-1.660994887351989746e-01
-1.689980924129486084e-01
-1.285601407289505005e-01
-2.443739026784896851e-02
-1.937706023454666138e-01
-7.370421290397644043e-02
1.462517827749252319e-01
8.556833863258361816e-02
6.460645049810409546e-02
-4.499275237321853638e-02
-2.863672003149986267e-02
-1.560499519109725952e-01
-2.845921814441680908e-01
-9.868213906884193420e-03
-2.116366177797317505e-01
-1.650060713291168213e-01
8.416055887937545776e-02
-1.235077530145645142e-01
-2.460236549377441406e-01
-2.423270493745803833e-01
-1.117493957281112671e-01
-1.623889505863189697e-01
-7.457877043634653091e-03
-1.511924415826797485e-01
2.138719558715820312e-01
1.605801731348037720e-01
-2.064753025770187378e-01
1.514957249164581299e-01
-7.248469442129135132e-02
-1.197878047823905945e-01
-6.134134903550148010e-02
-1.082245409488677979e-01
-1.644326448440551758e-01
1.648351848125457764e-01
-2.874536514282226562e-01
4.241733998060226440e-02
-1.175841763615608215e-01
-1.041659936308860779e-01
-5.264911428093910217e-02
2.332916483283042908e-02
-5.503667984157800674e-03
2.368644326925277710e-01
1.566139757633209229e-01
-1.190487891435623169e-01
-1.431244611740112305e-01
1.977527290582656860e-01
-2.042722851037979126e-01
-2.563443779945373535e-01
1.806369721889495850e-01
-2.938455939292907715e-01
-1.851536333560943604e-01
-1.999460011720657349e-01
-1.441656202077865601e-01
-2.254021912813186646e-01
1.269749365746974945e-02
2.125907540321350098e-01
2.248247861862182617e-01
-8.402589708566665649e-02
2.550658211112022400e-02
-2.401224374771118164e-01
