1.033801063895225525e-01
1.770681142807006836e-01
1.815013438463211060e-01
1.051255166530609131e-01
1.275359690189361572e-01
2.195841670036315918e-01
1.867386102676391602e-01
1.433774232864379883e-01
1.904058009386062622e-01
9.354463964700698853e-02
3.000227212905883789e-01
1.333676576614379883e-01
1.379457861185073853e-01
1.108405217528343201e-01
1.308661401271820068e-01
1.138958781957626343e-01
1.689585298299789429e-01
1.567249298095703125e-01
1.799098998308181763e-01
2.452404201030731201e-01
2.279112339019775391e-01
1.133654862642288208e-01
1.093174666166305542e-01
1.376159042119979858e-01
1.218687593936920166e-01
1.106294319033622742e-01
3.585232198238372803e-01
1.408258974552154541e-01
1.361510157585144043e-01
1.590575575828552246e-01
1.312481760978698730e-01
8.293284475803375244e-02
1.146761700510978699e-01
1.444226801395416260e-01
2.284459024667739868e-01
1.041335687041282654e-01
1.147868260741233826e-01
1.471329629421234131e-01
2.236217111349105835e-01
2.357052713632583618e-01
