2.436303766444325447e-03
-4.574101418256759644e-03
9.421542286872863770e-03
-2.557592932134866714e-03
1.351295621134340763e-03
-6.680245511233806610e-03
-1.338905096054077148e-02
-9.652680717408657074e-03
9.530530311167240143e-03
-1.553461654111742973e-03
-6.250622682273387909e-03
-3.433637693524360657e-02
1.431868597865104675e-02
-5.269988439977169037e-03
1.325596403330564499e-02
-1.177084259688854218e-02
1.409396342933177948e-02
-2.630017139017581940e-02
1.936938986182212830e-02
-9.928680025041103363e-03
8.060153573751449585e-03
-2.068511769175529480e-02
-3.717895131558179855e-03
1.208515721373260021e-03
-1.265412429347634315e-04
9.597715921700000763e-03
-2.198034152388572693e-02
-1.455909479409456253e-02
-3.214288502931594849e-02
1.795462705194950104e-02
-3.428100375458598137e-03
-1.406994415447115898e-03
-1.616437919437885284e-03
3.929326310753822327e-03
-1.838717609643936157e-02
-1.740867737680673599e-03
7.132845930755138397e-04
-5.333869718015193939e-03
2.841372415423393250e-02
1.333439163863658905e-02
