-1.589175611734390259e-01
-2.426837384700775146e-02
-3.975738957524299622e-02
-2.145180702209472656e-01
-2.057167291641235352e-01
2.551952563226222992e-02
2.715343050658702850e-02
-2.116745561361312866e-01
3.583602607250213623e-02
-1.933396011590957642e-01
-1.360257714986801147e-01
2.217024564743041992e-01
-4.720265045762062073e-02
1.194233521819114685e-01
-1.071828678250312805e-01
1.833506673574447632e-01
-7.208639383316040039e-02
-2.061213552951812744e-01
-1.375947520136833191e-02
-2.592789530754089355e-01
2.931467443704605103e-02
4.013194702565670013e-03
1.440198253840208054e-02
1.060744374990463257e-01
3.161308169364929199e-02
-7.252961397171020508e-03
4.781055450439453125e-02
-1.643844544887542725e-01
1.028085350990295410e-01
8.205869793891906738e-02
-3.271340206265449524e-02
-5.515334382653236389e-02
-6.750523112714290619e-03
-1.337050832808017731e-02
-2.069340199232101440e-01
-2.018049955368041992e-01
-1.171214655041694641e-01
-3.766901791095733643e-02
-1.056703403592109680e-01
-8.514422923326492310e-03
-8.275117725133895874e-02
1.631815582513809204e-01
-1.926986724138259888e-01
-1.643739342689514160e-01
-2.061859518289566040e-01
-1.085122972726821899e-01
1.863935589790344238e-01
1.714918017387390137e-01
-7.401829957962036133e-02
-7.685001194477081299e-02
-1.663434207439422607e-01
1.303753070533275604e-02
-1.845107525587081909e-01
-2.113096117973327637e-01
2.125889360904693604e-01
4.347154125571250916e-02
9.203401207923889160e-02
-1.205309927463531494e-01
-2.188126891851425171e-01
8.713238686323165894e-02
-1.584290415048599243e-01
1.935184746980667114e-01
-2.771072089672088623e-03
5.184360593557357788e-02
2.478391081094741821e-01
3.998360037803649902e-02
-5.128095671534538269e-02
6.398049741983413696e-02
1.433942019939422607e-01
1.678322628140449524e-02
-1.699915528297424316e-01
-1.070618405938148499e-01
8.128520101308822632e-02
-1.103450059890747070e-01
2.128926068544387817e-01
1.742343902587890625e-01
-1.535505205392837524e-01
-1.596320867538452148e-01
4.418992623686790466e-02
2.488234639167785645e-01
-1.736550629138946533e-01
1.095728576183319092e-01
-1.449276506900787354e-01
-1.276065856218338013e-01
-6.150712445378303528e-02
1.835118085145950317e-01
1.217611953616142273e-01
-1.262280344963073730e-01
-1.484825909137725830e-01
1.851048767566680908e-01
-2.006879299879074097e-01
2.308397144079208374e-01
-3.676331788301467896e-02
-1.640383601188659668e-01
-8.156227320432662964e-02
-1.405681222677230835e-01
5.668604746460914612e-02
6.797251850366592407e-02
-1.883695423603057861e-01
1.534916907548904419e-01
-1.212312206625938416e-01
-2.051637023687362671e-01
-1.046204864978790283e-01
-1.761551797389984131e-01
9.116800874471664429e-02
4.007602110505104065e-02
8.865205198526382446e-02
-1.732774674892425537e-01
1.721821278333663940e-01
-1.339634358882904053e-01
1.909880936145782471e-01
8.302643895149230957e-02
-7.158878445625305176e-02
-1.511877328157424927e-01
2.075690478086471558e-01
1.386747360229492188e-01
-1.860818266868591309e-02
-1.856756657361984253e-01
-2.099860310554504395e-01
-5.543769150972366333e-02
2.791414223611354828e-02
4.486292600631713867e-02
-7.068087905645370483e-02
-1.267930716276168823e-01
1.343761235475540161e-01
