-1.285129487514495850e-01
1.714705023914575577e-03
1.710328906774520874e-01
2.009954899549484253e-01
-1.428851336240768433e-01
-2.480784431099891663e-02
-1.734818518161773682e-01
-1.473830193281173706e-01
1.275844722986221313e-01
2.063534557819366455e-01
-1.655933409929275513e-01
1.651077270507812500e-01
-5.909857153892517090e-02
1.894849985837936401e-01
-2.522076712921261787e-03
1.382638514041900635e-01
-1.676484793424606323e-01
-2.241758704185485840e-01
-1.385496705770492554e-01
2.008002847433090210e-01
9.335452690720558167e-03
2.035855203866958618e-01
1.194015219807624817e-01
4.417490959167480469e-02
1.959796696901321411e-01
6.805086135864257812e-02
-1.262431149370968342e-03
1.323033869266510010e-01
-1.308414041996002197e-01
9.690721333026885986e-02
5.886350199580192566e-02
-1.147878095507621765e-01
5.408866703510284424e-02
1.122576445341110229e-01
-9.219540655612945557e-02
6.057551875710487366e-02
-1.988828927278518677e-01
1.456375718116760254e-01
-1.529168784618377686e-01
1.357473731040954590e-01
1.180657520890235901e-01
-9.465671144425868988e-03
2.254984080791473389e-01
2.537750266492366791e-02
-1.476228386163711548e-01
1.782285422086715698e-01
-8.162471652030944824e-02
1.883801966905593872e-01
-2.002930939197540283e-01
5.982265993952751160e-02
-3.666935488581657410e-02
-8.130916208028793335e-02
-5.647964403033256531e-02
1.924073994159698486e-01
3.347209095954895020e-02
1.080940514802932739e-01
7.055327296257019043e-02
2.948517166078090668e-02
1.080740615725517273e-02
1.165305450558662415e-01
-1.570955216884613037e-01
2.542853653430938721e-01
-1.871804893016815186e-01
-2.065870016813278198e-01
-1.607354283332824707e-01
3.489267826080322266e-02
4.562998563051223755e-02
2.137605845928192139e-01
2.277699299156665802e-03
-1.307136565446853638e-01
1.432147026062011719e-01
-1.685037016868591309e-01
1.422886401414871216e-01
8.339517563581466675e-02
1.180113330483436584e-01
-2.281515002250671387e-01
-2.503246255218982697e-02
4.861840233206748962e-02
-3.935959190130233765e-02
-5.361022055149078369e-02
-1.944423764944076538e-01
5.828271806240081787e-02
-5.387164279818534851e-02
-1.669031232595443726e-01
8.610479533672332764e-02
7.994430512189865112e-02
7.977648824453353882e-02
2.418460398912429810e-01
8.571182377636432648e-03
1.222614794969558716e-01
-5.443992838263511658e-02
-1.162865087389945984e-01
-4.089377354830503464e-03
-1.782196164131164551e-01
-1.955532133579254150e-01
-1.767654716968536377e-01
-1.201564297080039978e-01
-1.777074486017227173e-01
2.712457813322544098e-02
-1.865649968385696411e-01
1.521313339471817017e-01
3.293181955814361572e-02
-9.410320222377777100e-02
-1.236415728926658630e-01
-4.238070547580718994e-02
-1.075716763734817505e-01
-1.765322238206863403e-01
5.074193701148033142e-02
9.819810837507247925e-02
-1.020327880978584290e-01
-2.277601063251495361e-01
1.092638745903968811e-01
-8.053467422723770142e-02
-2.219460755586624146e-01
-1.145577803254127502e-01
-5.906223133206367493e-02
1.616021245718002319e-01
-1.035997644066810608e-02
4.772642627358436584e-03
-8.248611539602279663e-02
-1.834543189033865929e-03
1.651116013526916504e-01
-1.846000701189041138e-01
6.124852597713470459e-02
1.706334799528121948e-01
1.723036766052246094e-01
1.227306425571441650e-01
1.998059637844562531e-02
1.658025942742824554e-02
-2.086867690086364746e-01
-9.782990068197250366e-02
1.764302253723144531e-01
-2.829709947109222412e-01
-2.801475487649440765e-02
-1.448428183794021606e-01
-5.268061906099319458e-02
-1.334416419267654419e-01
9.268130362033843994e-02
-1.700892746448516846e-01
1.252465695142745972e-01
9.645899757742881775e-03
2.502601444721221924e-01
1.550401002168655396e-01
2.223072648048400879e-01
1.414435505867004395e-01
3.664388880133628845e-02
-3.980051353573799133e-02
2.175945788621902466e-01
1.874255836009979248e-01
7.800231873989105225e-02
1.762436479330062866e-01
-1.197762042284011841e-01
1.330167651176452637e-01
-3.328607184812426567e-03
-1.607066243886947632e-01
2.024904936552047729e-01
1.725190728902816772e-01
6.030860915780067444e-02
6.529508531093597412e-02
1.599203795194625854e-01
1.789786387234926224e-03
-1.676168292760848999e-01
-1.370293647050857544e-01
-2.130671441555023193e-01
3.578696399927139282e-02
-5.948554351925849915e-02
2.350881695747375488e-01
2.118654735386371613e-02
-8.281072974205017090e-02
1.078321114182472229e-01
-3.880497813224792480e-02
-8.543156832456588745e-02
-2.924886532127857208e-02
1.658316701650619507e-01
8.257156610488891602e-02
6.654493510723114014e-03
3.495158255100250244e-02
2.937586419284343719e-02
1.594838127493858337e-02
1.406568139791488647e-01
-1.512876302003860474e-01
1.299291700124740601e-01
-8.901300281286239624e-02
1.956211775541305542e-01
2.638992853462696075e-02
-5.741294473409652710e-02
1.723526120185852051e-01
-2.015006840229034424e-01
-1.837168484926223755e-01
2.301833033561706543e-01
-2.122240811586380005e-01
-7.960139214992523193e-02
8.225043118000030518e-02
-5.403897538781166077e-02
-1.994568258523941040e-01
9.802074730396270752e-02
-1.798602789640426636e-01
2.052420563995838165e-02
2.314323931932449341e-01
3.717925772070884705e-02
-1.985642313957214355e-01
-1.211236715316772461e-01
2.103976458311080933e-01
1.698529422283172607e-01
1.772788614034652710e-01
-2.371485680341720581e-01
2.003120444715023041e-02
2.536953687667846680e-01
-1.738553941249847412e-01
-1.212703362107276917e-01
-1.595236510038375854e-01
-6.164920330047607422e-02
1.609190404415130615e-01
9.551577270030975342e-02
-6.410264968872070312e-02
1.115542650222778320e-01
2.361571788787841797e-01
2.309774309396743774e-01
-2.487190812826156616e-01
-2.288964390754699707e-01
-7.228219509124755859e-02
-1.545564234256744385e-01
-2.104049026966094971e-01
-1.984517723321914673e-01
-2.686941437423229218e-02
-2.428253740072250366e-01
-1.041420921683311462e-01
1.714435666799545288e-01
-2.813776582479476929e-02
2.325567752122879028e-01
3.402190282940864563e-02
1.584818065166473389e-01
1.582930088043212891e-01
-2.261540293693542480e-02
-8.615744113922119141e-02
1.273301541805267334e-01
-1.221588030457496643e-01
5.364347249269485474e-02
1.020138114690780640e-01
1.683171987533569336e-01
2.372828423976898193e-01
-2.118633538484573364e-01
-2.080994248390197754e-01
-1.456897109746932983e-01
-1.276470124721527100e-01
3.084613382816314697e-02
-1.883168667554855347e-01
1.478829383850097656e-01
-1.788938045501708984e-01
3.834286704659461975e-02
-4.761955887079238892e-02
2.217718958854675293e-01
-1.905227154493331909e-01
6.653525400906801224e-03
4.598606377840042114e-02
-1.931264847517013550e-01
5.680736154317855835e-02
-9.519896470010280609e-03
2.239767163991928101e-01
9.075570851564407349e-02
-2.102255225181579590e-01
5.429039895534515381e-02
-1.892753839492797852e-01
2.099893428385257721e-02
5.797561630606651306e-02
5.513613298535346985e-02
-1.436970382928848267e-01
4.457063227891921997e-02
-2.331672003492712975e-03
1.402472555637359619e-01
7.609974592924118042e-03
-7.718113809823989868e-02
-2.351767849177122116e-03
-5.566103383898735046e-02
-1.796685010194778442e-01
1.290215253829956055e-01
-2.165611237287521362e-01
-1.198547184467315674e-01
-1.508646644651889801e-02
1.014711558818817139e-01
1.385509669780731201e-01
1.757331043481826782e-01
1.510117352008819580e-01
9.954821318387985229e-02
9.775473922491073608e-02
-5.156446248292922974e-02
1.528802216053009033e-01
-2.273698300123214722e-01
-4.435095936059951782e-02
1.514778435230255127e-01
7.853826135396957397e-02
-1.404048800468444824e-01
1.642089039087295532e-01
-6.777670979499816895e-02
2.142604887485504150e-01
5.577864125370979309e-02
2.038166970014572144e-01
1.883071362972259521e-01
1.330415755510330200e-01
-6.073589622974395752e-02
5.904456600546836853e-02
-9.724950790405273438e-02
1.765242591500282288e-02
-3.599888831377029419e-02
1.156034022569656372e-01
-1.251168698072433472e-01
-1.769460439682006836e-01
1.444918066263198853e-01
-2.320960313081741333e-01
1.703075468540191650e-01
-1.578698158264160156e-01
1.111860722303390503e-01
-3.596547991037368774e-02
9.590764343738555908e-02
1.188217028975486755e-01
9.681402891874313354e-02
2.197372317314147949e-01
-1.624231487512588501e-01
2.290573418140411377e-01
-1.912829130887985229e-01
-3.138661012053489685e-02
-2.533831298351287842e-01
-1.340736746788024902e-01
-4.043068364262580872e-02
-1.164181623607873917e-02
2.409286051988601685e-02
-2.771815657615661621e-02
-2.289041131734848022e-01
-1.851321756839752197e-01
-1.297503560781478882e-01
1.074048802256584167e-01
-1.361523866653442383e-01
-7.120613753795623779e-02
-2.136299908161163330e-01
7.135728746652603149e-02
-2.054269462823867798e-01
-2.255387157201766968e-01
2.294203341007232666e-01
-2.321521043777465820e-01
2.300945073366165161e-01
2.855742350220680237e-02
-9.013921767473220825e-02
6.811692565679550171e-02
4.738846793770790100e-03
-2.451559752225875854e-01
9.122231602668762207e-02
1.957060694694519043e-01
-1.097645312547683716e-01
-1.636503450572490692e-02
2.002711966633796692e-02
-6.095141544938087463e-02
1.529376059770584106e-01
-2.442859299480915070e-02
2.123443186283111572e-01
2.161791771650314331e-01
-2.224746346473693848e-01
-6.272133439779281616e-02
-8.425401151180267334e-02
3.623423725366592407e-02
-2.758759818971157074e-02
-2.046851441264152527e-02
-2.421515136957168579e-01
-1.497106403112411499e-01
-1.862312406301498413e-01
4.890378937125205994e-02
-2.297101467847824097e-01
-1.586330235004425049e-01
-2.089856751263141632e-02
-1.796837449073791504e-01
5.881025269627571106e-02
-1.186131685972213745e-01
-8.877690136432647705e-02
1.731732487678527832e-01
-1.432066708803176880e-01
-8.866000175476074219e-02
-1.965060383081436157e-01
1.470539420843124390e-01
-1.434174627065658569e-01
1.481622308492660522e-01
-1.385992914438247681e-01
1.329982429742813110e-01
-8.676839619874954224e-02
-1.967285573482513428e-01
-2.303189933300018311e-01
-3.253854066133499146e-02
-3.232032526284456253e-03
-9.619330614805221558e-02
-1.996447294950485229e-01
1.469496190547943115e-01
1.141634956002235413e-01
-1.376648843288421631e-01
-2.070090919733047485e-01
-1.758715659379959106e-01
1.942921429872512817e-01
1.893013119697570801e-01
4.358505830168724060e-02
-2.089145481586456299e-01
-1.051562502980232239e-01
1.509668678045272827e-01
5.855233222246170044e-02
1.700182706117630005e-01
-2.191443592309951782e-01
3.042819909751415253e-02
-4.608347546309232712e-03
-2.172462791204452515e-01
2.045510411262512207e-01
2.094254940748214722e-01
-1.018652841448783875e-01
1.465831696987152100e-01
1.666487902402877808e-01
-8.498673886060714722e-02
9.849222749471664429e-02
-1.340538710355758667e-01
2.074058502912521362e-01
3.519454598426818848e-02
1.406908780336380005e-01
1.462865918874740601e-01
2.262081950902938843e-01
7.477813214063644409e-02
-7.622968405485153198e-02
7.468371838331222534e-02
-1.485935300588607788e-01
2.325295656919479370e-01
1.681686192750930786e-01
-6.064598262310028076e-02
-2.257312238216400146e-01
5.247089639306068420e-02
-2.150723785161972046e-01
1.824733018875122070e-01
-7.928740233182907104e-02
-2.253477834165096283e-02
2.654109001159667969e-01
4.777155444025993347e-02
-3.720656502991914749e-03
1.663805991411209106e-01
1.045692265033721924e-01
-2.230698466300964355e-01
-1.837833821773529053e-01
5.626485869288444519e-02
-5.003399401903152466e-02
1.939069926738739014e-01
-1.024453714489936829e-02
1.974163502454757690e-01
2.233116887509822845e-02
-1.122768074274063110e-01
-6.171101704239845276e-02
1.216655969619750977e-01
-5.483684595674276352e-03
1.122943982481956482e-01
-3.113070875406265259e-02
1.836131960153579712e-01
1.265573501586914062e-01
-9.588070958852767944e-02
-1.636037789285182953e-02
-2.199385166168212891e-01
-1.345492154359817505e-01
-1.789242774248123169e-01
6.029485166072845459e-02
-3.937175497412681580e-02
1.897056996822357178e-01
1.411342769861221313e-01
-1.234287619590759277e-01
-1.582544855773448944e-02
-1.689458936452865601e-01
1.552522368729114532e-02
-1.896123886108398438e-01
-9.178727865219116211e-02
9.022529423236846924e-02
1.773617044091224670e-02
2.055136710405349731e-01
1.478306949138641357e-01
-2.430342137813568115e-01
-3.869041055440902710e-02
1.037598475813865662e-01
1.034632995724678040e-01
-5.481832474470138550e-02
2.025533765554428101e-01
1.237788945436477661e-01
1.633143573999404907e-01
-6.095914170145988464e-02
1.977922022342681885e-01
-2.349899411201477051e-01
1.017779484391212463e-01
8.699352294206619263e-02
2.052064687013626099e-01
-1.371277421712875366e-01
1.429404020309448242e-01
-1.425267308950424194e-01
2.005508840084075928e-01
1.046219188719987869e-02
1.641584038734436035e-01
-1.083999797701835632e-01
1.027801856398582458e-01
-1.877612471580505371e-01
-6.241917982697486877e-02
1.917072534561157227e-01
-6.889497488737106323e-02
-2.376987934112548828e-01
1.166949048638343811e-01
1.309768408536911011e-01
2.301550060510635376e-01
-9.417624026536941528e-02
-1.879543513059616089e-01
-1.111386716365814209e-01
2.017476409673690796e-01
8.551961928606033325e-02
1.987669169902801514e-01
-1.321971565485000610e-01
-2.055444419384002686e-01
-2.280365116894245148e-02
1.386808604001998901e-01
-1.643908023834228516e-02
2.222532033920288086e-01
-1.441746652126312256e-01
-1.194200594909489155e-03
-1.864651739597320557e-01
-1.379823684692382812e-01
-1.825070679187774658e-01
-2.541437558829784393e-02
-2.179429829120635986e-01
-1.648122370243072510e-01
8.739858120679855347e-02
1.602876782417297363e-01
1.245094686746597290e-01
-1.341635137796401978e-01
3.302459046244621277e-02
-1.035890653729438782e-01
-1.599971354007720947e-01
-3.358681872487068176e-02
-1.438358724117279053e-01
-4.662926122546195984e-02
2.036953419446945190e-01
4.896811023354530334e-02
-1.492803264409303665e-02
-1.060549765825271606e-01
1.911795437335968018e-01
-5.664151906967163086e-02
2.053327858448028564e-01
-1.107271909713745117e-01
-2.409462481737136841e-01
1.461143940687179565e-01
2.439567148685455322e-01
-1.577197462320327759e-01
1.069614104926586151e-02
8.708523958921432495e-02
-1.579712927341461182e-01
-1.114473026245832443e-02
-2.635635137557983398e-01
1.299295723438262939e-01
-2.255819737911224365e-02
4.855361953377723694e-02
7.301159203052520752e-02
-2.523484230041503906e-01
1.877686083316802979e-01
-1.740865260362625122e-01
4.970179405063390732e-03
1.199686676263809204e-01
-1.897844821214675903e-01
-1.351243555545806885e-01
1.609532833099365234e-01
1.078871823847293854e-02
-1.604633927345275879e-01
1.892655938863754272e-01
9.586514532566070557e-02
4.650589451193809509e-02
2.155498862266540527e-01
1.572393476963043213e-01
1.934180259704589844e-01
9.408140182495117188e-02
3.080142475664615631e-02
2.082519084215164185e-01
1.963061839342117310e-01
-1.395212560892105103e-01
-4.907860979437828064e-02
1.558377891778945923e-01
1.663307100534439087e-01
1.456085741519927979e-01
-1.869254261255264282e-01
-2.231412939727306366e-02
-1.216320767998695374e-01
-6.564831733703613281e-02
-1.244102790951728821e-01
1.787579357624053955e-01
2.380921095609664917e-01
-1.973860412836074829e-01
5.125802382826805115e-02
-6.838545203208923340e-02
4.970943555235862732e-02
-1.149878874421119690e-01
-1.457386761903762817e-01
-3.991654515266418457e-02
-1.313305459916591644e-02
-1.807631999254226685e-01
2.762469090521335602e-02
2.357410192489624023e-01
-1.997965425252914429e-01
-1.537145376205444336e-01
-1.263121962547302246e-01
-4.792909324169158936e-02
-3.786033391952514648e-02
1.812096983194351196e-01
-6.649260967969894409e-02
-1.680894196033477783e-01
2.285588085651397705e-01
-1.788826137781143188e-01
-1.773811131715774536e-01
9.469172358512878418e-02
-6.716324016451835632e-03
-1.322527378797531128e-01
-1.073251813650131226e-01
-1.282072365283966064e-01
-1.898386180400848389e-01
1.106793358922004700e-01
1.574037671089172363e-01
-7.201517373323440552e-02
-5.539566650986671448e-02
-2.174376845359802246e-01
-2.280653715133666992e-01
-1.987504959106445312e-01
2.226883471012115479e-01
1.421473026275634766e-01
-7.972962409257888794e-02
1.501200199127197266e-01
1.940471380949020386e-01
4.973381012678146362e-02
-8.285132795572280884e-02
-1.886923424899578094e-02
-1.437042355537414551e-01
-2.144134230911731720e-02
-1.846420913934707642e-01
-8.931701630353927612e-02
1.812483370304107666e-01
1.652363389730453491e-01
9.401097893714904785e-02
-1.403672099113464355e-01
1.461214572191238403e-01
1.487999111413955688e-01
2.294728606939315796e-01
-2.426510304212570190e-02
-2.999321371316909790e-02
1.908530443906784058e-01
2.355991676449775696e-02
1.280763149261474609e-01
8.422562479972839355e-02
1.289205253124237061e-01
-1.261137723922729492e-01
-1.442914754152297974e-01
-1.098042353987693787e-03
-3.814678639173507690e-02
-1.890343427658081055e-01
1.302778422832489014e-01
-2.098935842514038086e-01
-1.132870167493820190e-01
1.347229927778244019e-01
2.131755203008651733e-01
8.985452353954315186e-02
-2.319931238889694214e-01
2.367309853434562683e-02
1.866534054279327393e-01
-2.932992205023765564e-02
2.040670067071914673e-01
2.287490759044885635e-03
-4.344717413187026978e-02
-9.324041754007339478e-02
-2.386881858110427856e-01
-2.355351150035858154e-01
-1.839373558759689331e-01
-3.410472348332405090e-02
8.541447669267654419e-02
-1.029309332370758057e-01
1.986234039068222046e-01
2.090465277433395386e-01
-3.395963227376341820e-03
3.629449754953384399e-02
8.845975250005722046e-02
1.801664382219314575e-01
2.405779212713241577e-01
-2.175624966621398926e-01
-2.157444655895233154e-01
-1.381687074899673462e-01
-7.946167141199111938e-02
-1.774889379739761353e-01
-8.609845489263534546e-02
-5.427527800202369690e-02
1.757467091083526611e-01
-2.345535159111022949e-01
9.621683508157730103e-02
-5.569572001695632935e-02
-2.320004552602767944e-01
1.624739170074462891e-01
-1.129140406847000122e-01
2.582426965236663818e-01
-1.970299333333969116e-01
-2.261770516633987427e-01
2.550101839005947113e-02
2.139110118150711060e-01
-2.114866375923156738e-01
2.168119698762893677e-01
6.844195723533630371e-02
9.662336856126785278e-02
-1.795517653226852417e-01
-2.445863932371139526e-01
-9.218560159206390381e-02
2.072877138853073120e-01
-3.338946774601936340e-02
9.098972380161285400e-02
-1.911469250917434692e-01
-5.062367022037506104e-02
-1.720211505889892578e-01
-3.244553506374359131e-02
7.024241983890533447e-02
-1.048825755715370178e-01
2.113168984651565552e-01
1.511327773332595825e-01
-4.807703569531440735e-02
2.297235429286956787e-01
1.230323985219001770e-01
2.182276695966720581e-01
1.210832316428422928e-02
-2.001070082187652588e-01
-9.245788305997848511e-02
7.227224111557006836e-02
1.622399389743804932e-01
-5.239239335060119629e-02
-3.573280945420265198e-02
-1.656741350889205933e-01
-1.510267108678817749e-01
2.101418972015380859e-01
-8.008033037185668945e-02
1.748324483633041382e-01
-1.385267525911331177e-01
5.253181606531143188e-02
-6.325932592153549194e-02
-8.465119451284408569e-02
1.995933800935745239e-02
2.223557382822036743e-01
-1.459142565727233887e-01
1.830072849988937378e-01
2.382563054561614990e-01
-6.411405652761459351e-02
-1.162603273987770081e-01
1.080802232027053833e-01
1.191702112555503845e-01
-2.331754267215728760e-01
-1.460463646799325943e-02
-1.294448319822549820e-02
-1.711005121469497681e-01
-4.473382607102394104e-03
2.367506967857480049e-03
2.181673496961593628e-01
1.608437001705169678e-01
-1.752837449312210083e-01
3.130000084638595581e-02
-1.289232224225997925e-01
-9.006278216838836670e-02
-9.310137480497360229e-02
-1.965743452310562134e-01
1.341026872396469116e-01
-1.106226295232772827e-01
-1.402574032545089722e-01
-1.844723150134086609e-02
2.295012120157480240e-03
-8.193568326532840729e-03
9.470862895250320435e-02
-2.919793315231800079e-02
9.534969925880432129e-02
-6.988883018493652344e-02
-2.611849904060363770e-01
-1.876390874385833740e-01
7.102897763252258301e-02
5.260117352008819580e-02
-1.814455091953277588e-01
1.462081819772720337e-01
1.742070764303207397e-01
1.507311016321182251e-01
1.053428351879119873e-01
-1.222437098622322083e-01
4.666419699788093567e-02
-1.470447927713394165e-01
-1.277857869863510132e-01
-2.088271379470825195e-01
-1.778610050678253174e-01
-1.525388471782207489e-02
-1.019928082823753357e-01
-1.450308859348297119e-01
1.175411790609359741e-01
1.015444621443748474e-01
-2.331590503454208374e-01
2.936113066971302032e-02
1.479635238647460938e-01
2.332923561334609985e-01
4.323551803827285767e-02
-1.772214025259017944e-01
-1.530252844095230103e-01
-3.111437857151031494e-01
-1.945686787366867065e-01
1.949727535247802734e-01
-1.082644611597061157e-01
-1.225284561514854431e-01
9.046038240194320679e-02
-1.503177285194396973e-01
-7.978099584579467773e-02
2.017035484313964844e-01
-8.202693611383438110e-02
2.992191910743713379e-02
1.258663088083267212e-01
1.726342737674713135e-01
8.463054895401000977e-02
2.326497435569763184e-01
-1.354049742221832275e-01
-1.329998578876256943e-02
-2.508924603462219238e-01
-2.467751502990722656e-02
-1.525664627552032471e-01
9.986687451601028442e-02
-7.952987402677536011e-02
7.904714345932006836e-02
-2.347737103700637817e-01
-2.599080465734004974e-02
-1.760094463825225830e-01
-6.912623997777700424e-03
1.370242238044738770e-01
1.645077317953109741e-01
1.684980839490890503e-01
-1.329949200153350830e-01
1.842214614152908325e-01
9.672196209430694580e-02
9.342793375253677368e-02
-2.290749177336692810e-02
1.005546152591705322e-01
-2.571821399033069611e-02
9.915382415056228638e-02
-7.173937559127807617e-02
9.084000438451766968e-02
6.674053519964218140e-02
7.868423312902450562e-02
-2.206919193267822266e-01
8.946377038955688477e-02
-2.269928157329559326e-01
1.024311333894729614e-01
-2.160524129867553711e-01
2.431237846612930298e-01
1.996533274650573730e-01
1.175841465592384338e-01
-3.099370747804641724e-02
1.476102918386459351e-01
-1.761430203914642334e-01
2.005815207958221436e-01
1.893118321895599365e-01
1.066305413842201233e-01
-2.767156623303890228e-02
-1.656289696693420410e-01
2.690299749374389648e-01
6.352955102920532227e-02
1.658952087163925171e-01
1.207309365272521973e-01
-5.691726878285408020e-02
2.055464833974838257e-01
-2.354588955640792847e-01
7.528511434793472290e-02
-2.079718858003616333e-01
-1.035535410046577454e-01
1.134911999106407166e-01
1.609907299280166626e-01
-5.372229591012001038e-02
-1.470438838005065918e-01
2.279943227767944336e-01
-5.911516491323709488e-03
-1.972132921218872070e-01
-2.126825600862503052e-01
6.389722973108291626e-02
-2.702094912528991699e-01
-2.359810173511505127e-01
-2.234494686126708984e-01
-1.353278011083602905e-01
7.212673872709274292e-02
-1.437381803989410400e-01
4.092664271593093872e-02
-7.076759636402130127e-02
-1.756440103054046631e-02
2.340950369834899902e-01
-1.183779835700988770e-01
-1.759711951017379761e-01
-1.191408634185791016e-01
-1.616281718015670776e-01
2.113031744956970215e-01
-1.155681014060974121e-01
-9.290025383234024048e-02
2.260911166667938232e-01
2.000586241483688354e-01
-6.495014578104019165e-02
-3.755126893520355225e-02
-1.639673411846160889e-01
1.223637238144874573e-01
2.010252326726913452e-01
7.335580885410308838e-02
-2.258198857307434082e-01
-1.383958458900451660e-01
2.700492180883884430e-02
1.537613421678543091e-01
-1.001587137579917908e-01
-1.009409576654434204e-01
-1.051941215991973877e-01
2.135474830865859985e-01
-2.008752822875976562e-01
1.098154708743095398e-01
-8.934776484966278076e-02
4.764891415834426880e-02
-1.178591102361679077e-01
1.964636892080307007e-01
-1.667679548263549805e-01
3.155216574668884277e-02
-1.325541287660598755e-01
-1.237530186772346497e-01
-7.922248542308807373e-02
1.578701883554458618e-01
2.763482555747032166e-02
-1.995201706886291504e-01
-1.056339964270591736e-01
-1.934286504983901978e-01
-3.161353990435600281e-02
-1.448826640844345093e-01
-1.177419126033782959e-01
-2.322364449501037598e-01
1.600067019462585449e-01
2.141413688659667969e-01
-2.293546050786972046e-01
-1.161877587437629700e-01
2.378125190734863281e-01
-5.147103220224380493e-02
4.441154003143310547e-02
1.882446855306625366e-01
-1.673985123634338379e-01
-1.150218993425369263e-01
3.171226382255554199e-02
5.505861714482307434e-02
1.686698012053966522e-02
2.505507171154022217e-01
-6.518390774726867676e-02
4.424095526337623596e-02
1.183168962597846985e-01
-9.914073348045349121e-02
-7.816997915506362915e-02
-1.947904974222183228e-01
9.268225729465484619e-02
2.023471593856811523e-01
-1.988655030727386475e-01
1.280569285154342651e-01
-2.241940647363662720e-01
-2.038208544254302979e-01
7.183914631605148315e-02
-1.100777015089988708e-01
-1.675408035516738892e-01
1.180378943681716919e-01
-3.150247782468795776e-02
-2.119777798652648926e-01
-1.059349924325942993e-01
-1.572781801223754883e-01
1.472402811050415039e-01
1.176248341798782349e-01
-1.963818669319152832e-01
-8.270998299121856689e-02
-9.542355686426162720e-02
-1.563654541969299316e-01
-1.528719365596771240e-01
-2.074157893657684326e-01
-1.327617764472961426e-01
2.211392968893051147e-01
-2.457276731729507446e-02
1.322298794984817505e-01
2.743779309093952179e-02
1.358785927295684814e-01
-2.089564502239227295e-01
-2.212460637092590332e-01
2.255310118198394775e-01
-7.872830331325531006e-02
1.402833759784698486e-01
1.344778761267662048e-02
-1.557342261075973511e-01
-1.879629045724868774e-01
-5.288618057966232300e-02
-1.024611294269561768e-01
2.319048047065734863e-01
6.601691246032714844e-02
1.837562583386898041e-02
9.633956849575042725e-02
-6.882531940937042236e-02
2.920158952474594116e-02
-3.326414152979850769e-02
2.001108080148696899e-01
-8.181037008762359619e-02
-8.912486582994461060e-02
-4.531070590019226074e-02
9.178997576236724854e-02
6.532747298479080200e-03
-6.689061224460601807e-02
-1.714293360710144043e-01
1.045387121848762035e-03
2.321589887142181396e-01
-1.171440556645393372e-01
