2.162162363529205322e-01
-1.525928545743227005e-02
-3.402796387672424316e-01
-1.683894097805023193e-01
-1.701587066054344177e-02
6.310299970209598541e-03
-1.057359799742698669e-01
-9.397085011005401611e-02
-2.613383531570434570e-01
-2.232246547937393188e-01
2.027865350246429443e-01
-2.159889787435531616e-01
2.949061095714569092e-01
-2.222904264926910400e-01
-9.331420063972473145e-02
-6.911433488130569458e-02
-3.267826139926910400e-01
1.521726697683334351e-01
-1.227538362145423889e-01
1.453478448092937469e-02
3.772260621190071106e-02
1.320141106843948364e-01
-3.129884973168373108e-02
2.028142958879470825e-01
-3.769037872552871704e-02
-1.748258364386856556e-03
3.147956430912017822e-01
-2.816587090492248535e-01
-1.673225127160549164e-02
-9.538806974887847900e-02
3.093891441822052002e-01
6.858486682176589966e-02
3.990851715207099915e-02
-2.521763443946838379e-01
1.494753360748291016e-01
1.231673210859298706e-01
-3.007037341594696045e-01
1.509866565465927124e-01
-2.053843885660171509e-01
2.309487313032150269e-01
3.355104327201843262e-01
-3.121455013751983643e-02
-3.452988341450691223e-02
6.334883626550436020e-03
4.401617124676704407e-02
1.675484627485275269e-01
-2.683640718460083008e-01
1.736237481236457825e-02
1.717252284288406372e-01
2.326115816831588745e-01
8.251620084047317505e-02
1.656375974416732788e-01
-2.327100932598114014e-01
8.134092390537261963e-02
-8.748625963926315308e-02
1.738355755805969238e-01
2.702870965003967285e-01
1.711778193712234497e-01
2.751010060310363770e-01
1.215456724166870117e-01
1.661416143178939819e-02
-1.502426564693450928e-01
2.676358222961425781e-01
1.175186857581138611e-01
-3.891168162226676941e-02
2.215960919857025146e-01
-2.348740352317690849e-03
1.372367292642593384e-01
5.586500465869903564e-02
3.192000985145568848e-01
3.025780618190765381e-01
-2.010577470064163208e-01
-3.041384220123291016e-01
-1.462161689996719360e-01
2.072556167840957642e-01
-3.793711364269256592e-01
1.347344666719436646e-01
-2.153606414794921875e-01
1.498748809099197388e-01
1.390412002801895142e-01
-9.394162148237228394e-02
1.346687674522399902e-01
3.172060549259185791e-01
2.881427705287933350e-01
1.874010115861892700e-01
-3.052588365972042084e-02
9.865974634885787964e-02
1.905314438045024872e-02
1.644263714551925659e-01
3.246332705020904541e-01
-1.195205468684434891e-02
-2.545813322067260742e-01
6.427551805973052979e-02
-1.908628195524215698e-01
2.678319215774536133e-01
1.012665107846260071e-01
-1.372123658657073975e-01
-7.198638468980789185e-02
-2.401397377252578735e-01
-2.906083762645721436e-01
-2.039372026920318604e-01
7.235816121101379395e-02
7.639439404010772705e-02
-3.095840848982334137e-02
2.682247757911682129e-01
-3.019348382949829102e-01
2.620902657508850098e-01
2.259543240070343018e-01
-4.030834883451461792e-02
1.660283058881759644e-01
-2.449460327625274658e-01
2.966579496860504150e-01
1.139104459434747696e-02
-2.224741131067276001e-02
2.039988785982131958e-01
-2.996779382228851318e-01
-2.609758377075195312e-01
-1.553556066937744617e-03
-2.039498984813690186e-01
-2.849600613117218018e-01
-3.071400895714759827e-02
-1.134478002786636353e-01
-1.412571072578430176e-01
7.307694107294082642e-02
-1.076198369264602661e-01
