-2.419764548540115356e-01
1.770056188106536865e-01
2.541663944721221924e-01
2.874050140380859375e-01
-9.048078209161758423e-03
-1.695853918790817261e-01
6.411782652139663696e-02
1.540799736976623535e-01
8.008310943841934204e-02
-1.248566992580890656e-02
-1.153924688696861267e-01
7.980437576770782471e-02
1.085801497101783752e-01
-3.039830029010772705e-01
1.862657517194747925e-01
-4.618097841739654541e-02
2.197547070682048798e-02
-2.798611223697662354e-01
-9.411452710628509521e-02
1.394464373588562012e-01
1.635955125093460083e-01
-2.642800807952880859e-01
-2.986994981765747070e-01
-2.481470704078674316e-01
-8.104120939970016479e-02
-4.901092499494552612e-02
2.326311469078063965e-01
-2.082914300262928009e-02
7.797615975141525269e-02
9.312185645103454590e-02
-1.972084790468215942e-01
7.679457217454910278e-02
-1.419014781713485718e-01
2.354364544153213501e-01
-1.444083303213119507e-01
-2.456254512071609497e-02
-1.234089490026235580e-02
-1.784243285655975342e-01
-2.358450889587402344e-01
9.995541721582412720e-02
-6.760027259588241577e-02
-1.689147204160690308e-01
-2.921701073646545410e-01
-1.943704634904861450e-01
-1.932697594165802002e-01
1.601463556289672852e-02
-2.032587379217147827e-01
2.015854232013225555e-02
-3.010874688625335693e-01
4.011161625385284424e-02
-1.384723931550979614e-01
2.316706478595733643e-01
-4.660532623529434204e-02
-1.583547890186309814e-01
-2.370130121707916260e-01
4.523897916078567505e-02
2.024479210376739502e-01
-2.595554888248443604e-01
9.387237578630447388e-02
-2.043212503194808960e-01
-1.660578399896621704e-01
-3.616362437605857849e-02
-1.813979744911193848e-01
2.462208420038223267e-01
-7.771822065114974976e-02
-5.773648153990507126e-03
-1.715527921915054321e-01
3.012141399085521698e-02
5.527428910136222839e-02
-2.197405993938446045e-01
-2.035878598690032959e-02
-7.549806684255599976e-02
1.663689911365509033e-01
-2.534032762050628662e-01
-2.762563228607177734e-01
1.451089680194854736e-01
-4.762074351310729980e-02
-1.123417019844055176e-01
-1.064394861459732056e-01
-1.561761945486068726e-01
-4.376317560672760010e-02
2.870306372642517090e-01
-7.899956777691841125e-03
1.232862547039985657e-01
-2.329173833131790161e-01
-1.593860089778900146e-01
6.930097937583923340e-02
-6.911048293113708496e-02
1.416920572519302368e-01
-1.402088701725006104e-01
-1.314568519592285156e-01
-2.449034750461578369e-01
1.860382556915283203e-01
3.460409343242645264e-01
-3.308589011430740356e-02
5.144634842872619629e-02
-1.140054017305374146e-01
2.571477293968200684e-01
2.189511805772781372e-01
-1.835537999868392944e-01
2.122986167669296265e-01
2.745557129383087158e-01
-2.582353353500366211e-01
-4.031736403703689575e-02
3.556287661194801331e-02
-1.914524286985397339e-01
1.456360071897506714e-01
-2.192164361476898193e-01
4.199082031846046448e-02
1.168854907155036926e-01
-1.636019349098205566e-01
-2.612480819225311279e-01
1.227117106318473816e-01
1.120621636509895325e-01
5.393479019403457642e-02
-2.523100376129150391e-01
-1.076801270246505737e-01
1.205765604972839355e-01
6.944491993635892868e-03
4.898257926106452942e-02
7.114278618246316910e-03
-1.897184997797012329e-01
-8.448427915573120117e-02
-4.693229496479034424e-02
1.394750177860260010e-01
