1.177655011415481567e-01
8.189065009355545044e-02
1.051229387521743774e-01
-3.612090647220611572e-02
1.208401024341583252e-01
-4.981617629528045654e-02
1.801907122135162354e-01
-1.412912011146545410e-01
5.180224776268005371e-02
-1.845885962247848511e-01
-2.315099984407424927e-01
1.580695807933807373e-01
-4.907556623220443726e-02
5.430978722870349884e-03
5.771203711628913879e-02
2.309722453355789185e-01
5.301456525921821594e-02
1.301670223474502563e-01
3.269620472565293312e-03
4.137429594993591309e-02
-5.759484320878982544e-02
3.239479381591081619e-03
-1.978162527084350586e-01
-3.239860013127326965e-02
-4.471058771014213562e-02
1.234602741897106171e-02
-1.044438481330871582e-01
6.451630592346191406e-02
-3.832152485847473145e-02
1.481171846389770508e-01
-1.885888278484344482e-01
-3.978002443909645081e-02
1.309631317853927612e-01
-1.022898033261299133e-01
-9.851337224245071411e-02
-1.001954078674316406e-02
5.518480390310287476e-02
5.617991089820861816e-02
2.405096739530563354e-01
2.357274740934371948e-01
2.315291464328765869e-01
-5.870047956705093384e-02
1.057041063904762268e-01
2.130576968193054199e-01
-2.446511387825012207e-01
-1.736200451850891113e-01
1.613830029964447021e-01
1.062406152486801147e-01
-1.018253639340400696e-01
-1.105774417519569397e-01
-2.251550108194351196e-01
1.152470484375953674e-01
1.938006579875946045e-01
-1.069950759410858154e-01
-9.701482206583023071e-02
1.784962862730026245e-01
-1.877162307500839233e-01
-4.880218580365180969e-02
-3.136478662490844727e-01
-1.260169595479965210e-01
9.722013771533966064e-02
2.651386335492134094e-02
-9.577820450067520142e-02
1.585857570171356201e-01
1.041666194796562195e-01
-1.453806310892105103e-01
2.049311399459838867e-01
2.495404481887817383e-01
-2.678517103195190430e-01
-2.218313366174697876e-01
-1.533498167991638184e-01
1.665716469287872314e-01
-1.506026834249496460e-01
-1.483232080936431885e-01
2.129470556974411011e-01
2.308188974857330322e-01
-1.287644505500793457e-01
2.229309976100921631e-01
-4.953581094741821289e-02
-1.096512228250503540e-01
4.142804443836212158e-02
-1.000006422400474548e-01
1.243943572044372559e-01
-2.044209986925125122e-01
7.529841270297765732e-03
7.111275196075439453e-02
2.447594851255416870e-01
-2.196518927812576294e-01
1.814637631177902222e-01
-9.139882028102874756e-02
1.608916819095611572e-01
-1.594898402690887451e-01
1.011331453919410706e-01
-4.634522274136543274e-02
7.665558904409408569e-02
-8.367505669593811035e-02
-4.429257009178400040e-03
-1.290553808212280273e-01
-5.319681763648986816e-02
-4.243026673793792725e-02
-1.496762484312057495e-01
-2.328594923019409180e-01
1.004127934575080872e-01
-1.441633850336074829e-01
2.217345684766769409e-01
-1.341061200946569443e-02
-1.388656198978424072e-01
2.129706554114818573e-02
-2.159682959318161011e-01
1.062968969345092773e-01
5.963030271232128143e-03
-1.159969121217727661e-01
-1.164939031004905701e-01
1.511123683303594589e-02
6.208600476384162903e-02
4.618205875158309937e-02
2.024080902338027954e-01
-1.167601421475410461e-01
-5.753190815448760986e-02
1.718216203153133392e-02
2.214731574058532715e-01
-2.620479166507720947e-01
5.724274739623069763e-02
-8.406740427017211914e-02
8.019137382507324219e-02
-1.895068213343620300e-02
1.068818867206573486e-01
-1.894392520189285278e-01
-1.681122183799743652e-01
-6.179651245474815369e-02
-1.735918223857879639e-01
1.093373969197273254e-01
-1.338050328195095062e-02
1.252207309007644653e-01
9.548424929380416870e-02
-1.990922987461090088e-01
-2.475567534565925598e-02
1.696555912494659424e-01
1.486095041036605835e-01
-8.390305563807487488e-03
-5.622853711247444153e-02
-1.086390465497970581e-01
1.682328283786773682e-01
-1.969935894012451172e-01
4.783427342772483826e-02
-2.315419912338256836e-01
8.813994377851486206e-02
-1.543892268091440201e-02
-2.279992997646331787e-01
-5.349038168787956238e-02
-1.232184171676635742e-01
1.130021139979362488e-01
1.579993367195129395e-01
-1.605685502290725708e-01
1.801401525735855103e-01
-6.755673140287399292e-02
-1.582432836294174194e-01
9.169241786003112793e-02
-2.120485752820968628e-01
4.615275561809539795e-02
1.532787363976240158e-02
-5.337984487414360046e-02
3.591325134038925171e-02
9.576471894979476929e-02
6.072504818439483643e-02
2.531847953796386719e-01
1.002925261855125427e-01
2.333983927965164185e-01
4.627103731036186218e-02
-1.993381679058074951e-01
5.909702926874160767e-02
1.156526878476142883e-01
-2.452817261219024658e-01
-1.693298965692520142e-01
2.052461169660091400e-02
6.971933692693710327e-02
1.325585991144180298e-01
-2.009417861700057983e-01
1.291632652282714844e-01
2.317413240671157837e-01
-9.641755372285842896e-02
-3.236197866499423981e-03
-9.668323397636413574e-02
1.141551434993743896e-01
4.456797149032354355e-03
8.351054042577743530e-02
-1.744753420352935791e-01
2.292545139789581299e-01
-3.048426285386085510e-02
2.711571194231510162e-02
-8.425331860780715942e-02
-1.354474276304244995e-01
1.643234044313430786e-01
6.017713621258735657e-02
2.331315577030181885e-01
-6.239549815654754639e-02
-1.165591254830360413e-01
8.024181239306926727e-03
-1.986783444881439209e-01
1.767690330743789673e-01
8.725209534168243408e-02
3.712685778737068176e-02
1.131346300244331360e-01
-1.992329508066177368e-01
9.417705237865447998e-02
-8.185289800167083740e-02
5.745231360197067261e-02
6.156403943896293640e-02
-2.139634639024734497e-01
1.957650184631347656e-01
-1.859044432640075684e-01
-7.782346755266189575e-02
-5.273702740669250488e-02
-1.802285760641098022e-02
-1.225688159465789795e-01
1.202982384711503983e-02
2.122973650693893433e-01
-2.065291702747344971e-01
-1.095327734947204590e-01
-1.041280105710029602e-01
9.066509455442428589e-02
-2.408155947923660278e-01
-8.441130071878433228e-02
1.633502840995788574e-01
-6.764895468950271606e-02
-2.448021322488784790e-01
-9.447954595088958740e-02
1.173504516482353210e-01
-2.660029940307140350e-02
4.584605246782302856e-02
-7.071221712976694107e-03
9.369581937789916992e-02
-2.035187482833862305e-01
2.163014411926269531e-01
-1.823980361223220825e-01
-2.365719974040985107e-01
-4.711207747459411621e-02
4.326005280017852783e-02
8.122394233942031860e-02
-6.599695980548858643e-02
1.444050669670104980e-01
-2.866849675774574280e-02
1.105408817529678345e-01
4.292118363082408905e-03
9.450396895408630371e-02
-2.930959872901439667e-02
-3.131457045674324036e-02
1.442886143922805786e-01
2.928293645381927490e-01
-1.454854309558868408e-01
1.942727267742156982e-01
1.706880033016204834e-01
-1.112182661890983582e-01
-8.819264173507690430e-02
-5.022236704826354980e-02
2.144397646188735962e-01
1.822782605886459351e-01
-1.112037152051925659e-01
-1.204317733645439148e-01
-8.332349359989166260e-02
2.035719752311706543e-01
2.557732760906219482e-01
8.622476458549499512e-02
1.494980603456497192e-01
6.168824806809425354e-02
-1.987783461809158325e-01
-2.228779196739196777e-01
3.188138082623481750e-02
-1.011941656470298767e-01
-9.037521481513977051e-02
2.279414981603622437e-02
-2.164253741502761841e-01
-1.879726350307464600e-01
2.169841676950454712e-01
-1.440769881010055542e-01
1.642623990774154663e-01
-1.788061410188674927e-01
2.134926915168762207e-01
-8.682564646005630493e-02
2.052056193351745605e-01
-1.376871019601821899e-01
3.311647474765777588e-02
2.024556696414947510e-02
2.118485718965530396e-01
-2.156699076294898987e-02
-1.583370417356491089e-01
-7.749225944280624390e-02
-1.658427566289901733e-01
2.293777912855148315e-01
6.605169177055358887e-02
1.836367994546890259e-01
2.269116342067718506e-01
-8.964786678552627563e-02
-1.207636371254920959e-01
-3.602950274944305420e-02
1.767782121896743774e-01
-1.742655187845230103e-01
-1.303229033946990967e-01
2.151421010494232178e-01
-1.951111480593681335e-02
8.413542062044143677e-02
1.437640488147735596e-01
-1.923951804637908936e-01
7.161300629377365112e-02
-1.637194901704788208e-01
-1.916345506906509399e-01
-1.377343535423278809e-01
1.856983900070190430e-01
1.656066924333572388e-01
-8.385545760393142700e-02
-7.372308522462844849e-02
2.021073549985885620e-01
2.735127508640289307e-02
9.551633149385452271e-02
4.576134309172630310e-02
-5.678795278072357178e-02
1.445618122816085815e-01
1.526804566383361816e-01
1.347277760505676270e-01
1.969413608312606812e-01
-8.323041402036324143e-05
-2.364209294319152832e-01
1.054914146661758423e-01
5.539487302303314209e-02
-2.559048533439636230e-01
7.326194643974304199e-02
-8.218906819820404053e-02
-1.538245975971221924e-01
2.530324645340442657e-02
-1.150137651711702347e-02
-1.272491216659545898e-01
1.056687757372856140e-01
9.134396165609359741e-02
8.237873017787933350e-02
2.638767473399639130e-02
5.561518948525190353e-03
-1.575199812650680542e-01
-1.073524579405784607e-01
-3.961433097720146179e-02
2.447693645954132080e-01
-3.019351884722709656e-02
1.539257317781448364e-01
-2.179249674081802368e-01
-1.173930019140243530e-01
5.538149923086166382e-02
-1.372107863426208496e-01
-1.089337021112442017e-01
-6.497485190629959106e-02
-1.836288124322891235e-01
5.524018779397010803e-02
-1.225417256355285645e-01
1.988402009010314941e-02
6.533949077129364014e-02
1.453136652708053589e-01
-7.269876450300216675e-02
3.225683758500963449e-04
-2.338390201330184937e-01
-2.047576904296875000e-01
2.578931674361228943e-02
-6.306176632642745972e-02
1.858511120080947876e-01
2.610808014869689941e-01
4.350930452346801758e-02
-1.106119826436042786e-01
1.673903912305831909e-01
7.031546533107757568e-02
-2.633310854434967041e-01
1.627008318901062012e-01
8.454638719558715820e-02
-1.611194908618927002e-01
1.849371939897537231e-01
3.048657998442649841e-02
2.144650071859359741e-01
-2.130900323390960693e-01
2.313061952590942383e-01
1.286942511796951294e-01
1.536530405282974243e-01
-8.597158640623092651e-02
-2.220764458179473877e-01
1.258300393819808960e-01
-9.111540019512176514e-02
4.909785091876983643e-02
-5.980152264237403870e-02
-1.576188504695892334e-01
1.523378491401672363e-01
1.250621378421783447e-01
1.251931339502334595e-01
-1.508286921307444572e-03
-9.344192594289779663e-02
1.417621318250894547e-02
1.438409537076950073e-01
1.615383327007293701e-01
3.277137503027915955e-02
3.294786065816879272e-02
-2.112366706132888794e-01
1.420075744390487671e-01
8.150738663971424103e-03
-1.250708103179931641e-01
1.991622447967529297e-01
-7.572795450687408447e-02
1.683379113674163818e-01
-2.937090396881103516e-02
-1.977798193693161011e-01
-4.633888974785804749e-02
-2.460140436887741089e-01
9.924686700105667114e-02
-4.315301775932312012e-02
-6.266853958368301392e-02
7.162117213010787964e-02
1.350874006748199463e-01
1.294670905917882919e-02
-6.609278917312622070e-02
-2.779038436710834503e-02
-6.659299135208129883e-02
-8.125051110982894897e-02
-3.292011097073554993e-02
1.656109541654586792e-01
-1.381341516971588135e-01
-6.696265190839767456e-02
2.445119917392730713e-01
-1.517255902290344238e-01
-1.797343939542770386e-01
-1.429113447666168213e-01
8.097092807292938232e-02
-4.334927722811698914e-02
1.877941638231277466e-01
-2.288412451744079590e-01
1.872032880783081055e-01
-1.878345906734466553e-01
1.655053347349166870e-01
7.502526044845581055e-02
-1.187425628304481506e-01
2.277295291423797607e-01
-1.420552283525466919e-01
1.188721060752868652e-01
-7.705658674240112305e-02
3.628025949001312256e-02
1.403633654117584229e-01
1.986975073814392090e-01
-2.551859021186828613e-01
-2.161069512367248535e-01
8.973940461874008179e-02
-1.136222034692764282e-01
4.475205764174461365e-02
2.022790759801864624e-01
2.104457765817642212e-01
-1.458907574415206909e-01
7.834334671497344971e-02
-2.511323094367980957e-01
-7.596202939748764038e-02
1.027567088603973389e-01
1.203469932079315186e-01
-2.341714501380920410e-01
1.123691536486148834e-02
-2.970587089657783508e-02
1.123137995600700378e-01
1.368266250938177109e-02
-1.374307721853256226e-01
-7.714395970106124878e-02
-1.925045102834701538e-01
-3.773901984095573425e-02
7.679029554128646851e-02
-3.577604144811630249e-02
-1.827721297740936279e-01
-1.798082590103149414e-01
1.682998538017272949e-01
1.461803615093231201e-01
2.050790376961231232e-02
1.861525177955627441e-01
9.369626641273498535e-02
4.334842786192893982e-02
-1.539412438869476318e-01
-2.405101656913757324e-01
2.577855288982391357e-01
1.228074207901954651e-01
-1.125030219554901123e-01
8.765748143196105957e-02
1.141793951392173767e-01
-1.869863122701644897e-01
-1.075330376625061035e-01
-1.772158741950988770e-01
2.806185372173786163e-02
-1.516602337360382080e-01
-1.933927088975906372e-01
2.782525029033422470e-03
-9.530302882194519043e-02
2.060441225767135620e-01
7.578231394290924072e-02
-1.635363847017288208e-01
9.839348495006561279e-02
1.753686964511871338e-01
-5.095859989523887634e-02
-1.254203170537948608e-01
-1.697601675987243652e-01
1.905768364667892456e-01
1.619506925344467163e-01
1.928067654371261597e-01
-1.900012791156768799e-01
1.920259743928909302e-01
-2.331560403108596802e-01
-1.665220260620117188e-01
-6.137702614068984985e-02
1.154492795467376709e-01
4.842383041977882385e-02
1.654181480407714844e-01
6.151892617344856262e-02
-9.424202144145965576e-02
-9.644812345504760742e-02
1.990996003150939941e-01
-1.955655962228775024e-01
-4.424763470888137817e-02
2.264158427715301514e-01
9.593324735760688782e-03
1.297031342983245850e-01
-8.437113463878631592e-02
-1.090071722865104675e-01
1.624698638916015625e-01
-2.455744892358779907e-02
-1.037499830126762390e-01
-1.408991515636444092e-01
2.175233699381351471e-02
-2.854257822036743164e-03
-2.079295963048934937e-01
-1.727047562599182129e-01
2.133828103542327881e-01
-7.253564894199371338e-02
1.480277478694915771e-01
2.122960984706878662e-01
-7.373543828725814819e-02
1.173047944903373718e-01
-2.218268364667892456e-01
-1.855407655239105225e-01
2.357002496719360352e-01
-8.220864087343215942e-02
9.247102588415145874e-02
-8.088249713182449341e-02
-2.064823806285858154e-01
1.799035817384719849e-01
2.138582020998001099e-01
-1.402823030948638916e-01
1.263889968395233154e-01
2.094052173197269440e-02
-1.110161542892456055e-01
1.303249597549438477e-01
4.043707996606826782e-02
3.231321275234222412e-01
-1.796574294567108154e-01
8.566781878471374512e-02
-2.078832685947418213e-01
-2.364165186882019043e-01
2.015836387872695923e-01
-2.394178360700607300e-01
-1.368791610002517700e-01
-2.560112811625003815e-02
-2.510325312614440918e-01
5.509940162301063538e-02
-1.068182587623596191e-01
-2.296288311481475830e-02
1.620236039161682129e-01
1.849001795053482056e-01
1.160730049014091492e-01
2.330945618450641632e-02
-5.993081629276275635e-02
1.780866086483001709e-01
-2.488238513469696045e-01
-8.485405892133712769e-02
-7.289741188287734985e-02
-1.368979066610336304e-01
-1.396094113588333130e-01
-1.046736910939216614e-01
-2.680276036262512207e-01
-4.911365453153848648e-03
-7.020018994808197021e-03
2.212559729814529419e-01
1.450235098600387573e-01
-1.340282559394836426e-01
-2.201972305774688721e-01
-2.011174112558364868e-01
-7.677708566188812256e-02
-1.433469653129577637e-01
-2.123266309499740601e-01
1.109322309494018555e-01
-6.497629731893539429e-02
-6.156357750296592712e-02
1.604039967060089111e-01
-1.916073709726333618e-01
-2.213902324438095093e-01
1.369711607694625854e-01
-9.982698410749435425e-02
2.316831499338150024e-01
6.477293372154235840e-02
1.806958913803100586e-01
1.620720475912094116e-01
-1.582379341125488281e-01
-2.424662113189697266e-01
-4.833927378058433533e-02
-1.685912907123565674e-01
-5.869839712977409363e-02
1.872278451919555664e-01
-9.948678314685821533e-02
3.972087427973747253e-02
1.681626588106155396e-01
2.497977465391159058e-01
-1.114601418375968933e-01
-3.131645023822784424e-01
-1.237170025706291199e-01
-1.408236324787139893e-01
2.653970420360565186e-01
-4.149933159351348877e-02
-1.403725743293762207e-01
4.151399433612823486e-02
2.099481374025344849e-01
5.983145162463188171e-02
2.192643284797668457e-01
-1.401704996824264526e-01
-2.588439583778381348e-01
5.390512198209762573e-02
6.033389642834663391e-02
-1.022588908672332764e-01
1.027967482805252075e-01
-6.387846916913986206e-02
1.405327320098876953e-01
1.538257114589214325e-02
-6.554201245307922363e-02
4.788597300648689270e-02
-7.985065877437591553e-02
1.637214273214340210e-01
-1.758104115724563599e-01
3.796795383095741272e-02
1.946105360984802246e-01
-2.253864556550979614e-01
-9.473722428083419800e-02
-3.659713082015514374e-03
2.228094935417175293e-01
-5.611124262213706970e-02
-2.282373309135437012e-01
2.135454714298248291e-01
3.594538196921348572e-02
1.509877890348434448e-01
-1.784110814332962036e-01
-1.191770285367965698e-01
-8.293391764163970947e-02
2.040728330612182617e-01
9.851220250129699707e-02
-1.104019507765769958e-01
2.032501101493835449e-01
2.145130634307861328e-01
1.343037784099578857e-01
-1.021255925297737122e-01
-1.880425363779067993e-01
-1.155599951744079590e-01
2.084316164255142212e-01
-5.104155838489532471e-02
1.321142911911010742e-01
5.455155298113822937e-02
-3.239580895751714706e-03
-1.072890162467956543e-01
-2.279299199581146240e-01
-4.115018993616104126e-02
-1.626163721084594727e-01
2.249229103326797485e-01
-9.334374964237213135e-02
2.074645757675170898e-01
-1.671103537082672119e-01
-1.870488375425338745e-01
1.898454129695892334e-01
1.458210647106170654e-01
6.556348525919020176e-04
-1.954378634691238403e-01
-5.212715640664100647e-02
8.371199667453765869e-02
-1.343088001012802124e-01
-6.265351921319961548e-02
-1.311371475458145142e-01
2.118438482284545898e-01
4.384855553507804871e-02
-2.380867749452590942e-01
8.413810282945632935e-02
-7.708829641342163086e-02
8.832585811614990234e-02
-6.848912686109542847e-02
-1.813265681266784668e-01
-1.536374725401401520e-02
-9.556967020034790039e-02
-7.183658331632614136e-02
-1.316771358251571655e-01
-1.938716918230056763e-01
-2.102914750576019287e-01
-1.495510637760162354e-01
1.684655696153640747e-01
-2.396384179592132568e-01
-3.679120540618896484e-02
2.128299772739410400e-01
7.568622380495071411e-02
-1.783402562141418457e-01
1.281221117824316025e-02
-2.377884685993194580e-01
-2.647651359438896179e-02
1.030500233173370361e-01
-1.789692491292953491e-01
1.526438444852828979e-01
1.780510097742080688e-01
1.798614710569381714e-01
3.640870004892349243e-02
-2.262525558471679688e-01
8.412612229585647583e-02
-1.648874282836914062e-01
1.975549012422561646e-01
1.506450399756431580e-02
-1.982582807540893555e-01
1.039711665362119675e-02
-9.454988688230514526e-02
1.519284546375274658e-01
-3.708294034004211426e-02
-2.113038673996925354e-03
2.091846168041229248e-01
-4.043300822377204895e-02
-8.915571123361587524e-02
6.590631604194641113e-02
1.617115586996078491e-01
8.742715418338775635e-02
5.955016985535621643e-02
-2.195205911993980408e-02
1.960006058216094971e-01
4.047615826129913330e-02
2.458865940570831299e-01
2.053994536399841309e-01
7.537777721881866455e-02
5.377039313316345215e-02
-2.001026570796966553e-01
1.247264072299003601e-01
-1.768297553062438965e-01
-1.530096828937530518e-01
-8.558170520700514317e-04
-1.854397058486938477e-01
6.240300834178924561e-02
-1.665270775556564331e-01
4.112552106380462646e-02
-1.130692735314369202e-01
-1.465569436550140381e-01
-7.973950356245040894e-02
-2.041892260313034058e-01
2.691911999136209488e-03
5.407194420695304871e-02
-7.044667005538940430e-02
6.932943314313888550e-02
6.105347722768783569e-02
6.357067078351974487e-02
4.053873568773269653e-02
-2.381839789450168610e-02
1.998391151428222656e-01
-2.110901921987533569e-01
-1.530355587601661682e-02
-1.053115352988243103e-01
1.070052683353424072e-01
-4.603331163525581360e-02
1.603939235210418701e-01
-5.896417424082756042e-02
-1.520966272801160812e-02
2.114588469266891479e-01
7.007760554552078247e-02
-2.595943510532379150e-01
-1.375732570886611938e-01
-4.826633632183074951e-02
5.400122702121734619e-02
-1.380002945661544800e-01
1.888750940561294556e-01
-2.044332325458526611e-01
1.844294182956218719e-02
2.325475215911865234e-02
-5.126181617379188538e-02
1.026729792356491089e-01
-1.355054378509521484e-01
2.044119238853454590e-01
-1.242001578211784363e-01
1.963502019643783569e-01
-1.925805509090423584e-01
-5.915109068155288696e-02
-6.539025902748107910e-02
-1.782735437154769897e-01
2.499461919069290161e-02
-1.113860905170440674e-01
-1.010974198579788208e-01
1.022952497005462646e-01
1.168307960033416748e-01
-2.731271088123321533e-01
4.695315286517143250e-02
5.238697305321693420e-02
2.920208871364593506e-01
-9.856501966714859009e-02
-2.397433519363403320e-01
1.274725794792175293e-01
2.160165458917617798e-01
-8.436895906925201416e-02
1.278477162122726440e-01
1.809579581022262573e-01
-1.228928193449974060e-01
-2.123817950487136841e-01
1.970633566379547119e-01
3.336479142308235168e-02
7.378878444433212280e-02
7.098279148340225220e-02
2.225949764251708984e-01
6.486977636814117432e-02
1.954923123121261597e-01
1.633822768926620483e-01
4.874145239591598511e-02
-2.621437013149261475e-01
-5.969617050141096115e-03
-6.527669727802276611e-02
1.260274797677993774e-01
-8.579784631729125977e-02
-1.265280544757843018e-01
-7.795210927724838257e-02
7.583087682723999023e-02
1.473515015095472336e-02
1.146985143423080444e-01
1.381668001413345337e-01
2.236491143703460693e-01
2.463291138410568237e-01
5.203839391469955444e-02
-1.319542825222015381e-01
-1.623750925064086914e-01
-1.434778571128845215e-01
1.211903244256973267e-01
-2.269629538059234619e-01
-1.700835078954696655e-01
2.462528795003890991e-01
-1.914138346910476685e-01
-1.707119792699813843e-01
-1.853665411472320557e-01
-1.350576523691415787e-02
2.398882061243057251e-01
-2.486554719507694244e-02
-3.549028560519218445e-02
1.044953241944313049e-01
7.963463664054870605e-02
1.439530998468399048e-01
7.864867337048053741e-03
-1.881867498159408569e-01
-1.170867681503295898e-01
-1.693370789289474487e-01
-1.557989418506622314e-01
-1.327913552522659302e-01
1.335701644420623779e-01
9.859760850667953491e-02
-2.263996452093124390e-01
1.934146583080291748e-01
4.260011762380599976e-02
-5.506301764398813248e-03
6.809195131063461304e-02
2.395549267530441284e-01
-1.948968917131423950e-01
-1.975774019956588745e-01
1.371832191944122314e-02
-1.861338615417480469e-01
1.933514624834060669e-01
-1.005292758345603943e-01
2.237960398197174072e-01
-2.027031481266021729e-01
5.686957389116287231e-02
2.317911833524703979e-01
-1.323701888322830200e-01
7.270938158035278320e-02
5.831377208232879639e-02
1.888900548219680786e-01
-2.305082678794860840e-01
-4.936458915472030640e-02
-7.440540939569473267e-02
2.593398392200469971e-01
2.040699422359466553e-01
2.515483088791370392e-02
9.692227095365524292e-02
-1.283277422189712524e-01
-9.196364134550094604e-02
-3.408378735184669495e-02
-1.880495250225067139e-01
1.121285408735275269e-01
-1.174245327711105347e-01
-2.260074764490127563e-01
-1.891577392816543579e-01
1.892583668231964111e-01
6.245048344135284424e-02
-1.612266749143600464e-01
-8.484971523284912109e-02
-5.169325321912765503e-02
3.210221230983734131e-02
-2.256192862987518311e-01
-1.252057123929262161e-02
1.092913299798965454e-01
1.711709983646869659e-02
-2.148946970701217651e-01
1.566866785287857056e-01
-7.236939668655395508e-02
-4.873363301157951355e-02
4.549236968159675598e-02
-3.554710000753402710e-02
1.062441691756248474e-01
1.134574487805366516e-01
1.473079025745391846e-01
1.603401824831962585e-02
2.200608253479003906e-01
-8.888664841651916504e-02
-1.950149536132812500e-01
-6.667868699878454208e-03
-2.990234456956386566e-02
2.344852089881896973e-01
1.253851130604743958e-02
1.907706111669540405e-01
-2.272026538848876953e-01
1.429435610771179199e-01
-5.274728406220674515e-03
2.024673074483871460e-01
-2.273873388767242432e-01
-1.601946800947189331e-01
-2.146422564983367920e-01
-1.525748670101165771e-01
-9.026448428630828857e-02
-2.046948075294494629e-01
6.937445700168609619e-02
6.727410852909088135e-02
1.349648684263229370e-01
1.073182448744773865e-01
-2.659814655780792236e-01
1.176447868347167969e-01
2.275528460741043091e-01
1.779319494962692261e-01
6.766281276941299438e-02
1.571140885353088379e-01
8.262392133474349976e-03
-1.332911550998687744e-01
-2.374149262905120850e-01
4.668708518147468567e-02
1.200783252716064453e-01
1.758961081504821777e-01
1.411163620650768280e-02
-9.157418459653854370e-02
6.360501796007156372e-02
5.701256170868873596e-02
1.249518096446990967e-01
1.825139969587326050e-01
-1.648750305175781250e-01
1.844727098941802979e-01
2.164999954402446747e-02
-2.126299142837524414e-01
2.381907589733600616e-02
-1.240862831473350525e-01
1.433267146348953247e-01
9.659694880247116089e-02
-2.685226500034332275e-02
1.217781975865364075e-01
3.054782934486865997e-02
1.952616721391677856e-01
1.812330782413482666e-01
7.821027189493179321e-02
1.246705204248428345e-01
1.350247710943222046e-01
-2.721459567546844482e-01
-1.800025999546051025e-01
-1.273164600133895874e-01
-1.108654811978340149e-01
-1.103701442480087280e-01
-1.331603676080703735e-01
1.044602692127227783e-01
1.000402644276618958e-01
-1.469696313142776489e-01
1.827464103698730469e-01
-1.461749225854873657e-01
1.229552403092384338e-01
1.884800344705581665e-01
2.104944735765457153e-01
-9.751401096582412720e-02
-2.125041931867599487e-01
-2.100172489881515503e-01
1.227004230022430420e-01
-1.914469003677368164e-01
1.044364124536514282e-01
8.025360107421875000e-02
7.068383693695068359e-02
2.193221300840377808e-01
-1.610737666487693787e-02
1.949836164712905884e-01
1.121873185038566589e-01
6.585470587015151978e-02
1.714805811643600464e-01
8.391211181879043579e-02
-1.189458891749382019e-01
-2.216780781745910645e-01
-7.519347220659255981e-02
9.664763510227203369e-02
-2.240032702684402466e-01
-1.448585093021392822e-01
1.663276404142379761e-01
-2.063711285591125488e-01
-2.208194732666015625e-01
1.607585549354553223e-01
1.805639863014221191e-01
-1.845516860485076904e-01
-1.834876090288162231e-01
1.746351122856140137e-01
