1.506083208369091153e-04
-7.503883098252117634e-04
-5.514133135875454172e-06
2.968257525935769081e-03
6.797246751375496387e-04
8.927480052989267278e-07
2.962267026305198669e-03
-1.719839405268430710e-03
5.437513347715139389e-03
1.772030518623068929e-04
5.821895319968461990e-04
-9.025987819768488407e-04
-1.076877560990396887e-05
6.956844590604305267e-04
-3.995934035629034042e-03
-3.829316468909382820e-03
7.720206631347537041e-04
3.993159160017967224e-03
2.623378066346049309e-03
-1.042347052134573460e-03
-3.361190436407923698e-03
-4.301985609345138073e-05
-5.998027045279741287e-04
3.813137533143162727e-03
4.828107557841576636e-05
7.220815168693661690e-04
1.405981834977865219e-03
-3.617313923314213753e-03
1.135466038249433041e-03
-2.621622988954186440e-03
9.360506082884967327e-04
4.754452093038707972e-04
