-2.137413015589118004e-03
-3.988712269347161055e-04
-9.949258674168959260e-05
5.124971266923239455e-06
-1.060441809386247769e-05
7.193055003881454468e-03
1.235533971339464188e-03
1.594716217368841171e-03
5.078826099634170532e-03
-1.522685925010591745e-04
2.106115862261503935e-04
-2.454080386087298393e-03
3.312398679554462433e-03
-7.650467523490078747e-06
3.953166469727875665e-06
-2.121903467923402786e-03
-3.150599513901397586e-05
-1.836033770814538002e-04
-3.424206224735826254e-04
1.405051909387111664e-03
2.602321619633585215e-04
2.689648244995623827e-04
-8.058764971792697906e-03
3.331325482577085495e-03
-5.063836579211056232e-05
-1.804924220778048038e-03
1.412539975717663765e-03
-4.502240917645394802e-04
1.049113692715764046e-03
1.542391488328576088e-03
0.000000000000000000e+00
4.427300882525742054e-04
