2.397785894572734833e-03
9.124001371674239635e-05
5.897430237382650375e-04
-1.310084364376962185e-03
6.738684023730456829e-04
-2.966031315736472607e-04
1.748039736412465572e-03
1.623847201699391007e-04
3.419929707888513803e-04
-9.503026958554983139e-04
4.087084962520748377e-04
-1.423818059265613556e-03
-6.690286099910736084e-04
6.361209671013057232e-05
1.146347960457205772e-03
-2.785105491057038307e-03
1.095825573429465294e-03
1.403342350386083126e-03
8.636508136987686157e-04
-4.171845660039252834e-07
2.416681731119751930e-03
-1.091987069230526686e-04
8.551859646104276180e-04
1.661319867707788944e-03
-1.713535864837467670e-03
3.237685887143015862e-04
-3.023022436536848545e-04
2.190493978559970856e-04
-2.017884107772260904e-04
-1.945110619999468327e-03
2.202261384809389710e-05
-2.155797323212027550e-03
7.993651088327169418e-04
-1.540686236694455147e-03
-1.767728535924106836e-04
1.539781806059181690e-03
7.981990347616374493e-04
-1.044313539750874043e-04
-8.437854121439158916e-04
6.771998596377670765e-04
-1.134975464083254337e-03
4.261192225385457277e-04
2.868275623768568039e-03
1.487009576521813869e-03
3.155285026878118515e-03
-3.500502556562423706e-03
-8.165786275640130043e-04
-4.652811912819743156e-04
6.085863569751381874e-04
-7.165846764110028744e-04
2.333766024094074965e-04
-1.497959718108177185e-03
-8.060006657615303993e-04
-2.676506483112461865e-05
3.516790922731161118e-03
4.049878625664860010e-04
-2.690113906282931566e-04
-1.454735029255971313e-04
6.884399917908012867e-04
-1.544923288747668266e-04
7.657518726773560047e-04
-1.597987487912178040e-03
-2.789686841424554586e-04
-7.051326101645827293e-04
