-7.277475297451019287e-02
2.376813068985939026e-02
-1.053409129381179810e-01
5.894817039370536804e-02
-1.404876559972763062e-01
6.241951882839202881e-02
-9.155452251434326172e-02
-1.341124810278415680e-02
5.819756537675857544e-02
-7.406272739171981812e-02
-8.916405588388442993e-02
-1.025894135236740112e-01
8.415418863296508789e-02
-8.256629109382629395e-02
8.283199369907379150e-02
-1.356841903179883957e-02
-7.045899331569671631e-02
-3.664871305227279663e-02
1.208330392837524414e-01
7.331951707601547241e-02
-5.589759442955255508e-03
-3.635978698730468750e-02
1.447606831789016724e-01
-5.203578621149063110e-02
2.406884171068668365e-02
1.202012822031974792e-01
-1.178056448698043823e-01
-9.350343793630599976e-02
-5.723065510392189026e-02
-1.250351220369338989e-01
1.186747848987579346e-01
8.252739161252975464e-02
-1.421058028936386108e-01
8.361354470252990723e-03
1.918909884989261627e-02
8.917206525802612305e-02
1.293568164110183716e-01
4.154591262340545654e-02
3.498336300253868103e-02
1.594624854624271393e-02
1.486890614032745361e-01
1.470785588026046753e-01
3.809667751193046570e-02
3.809671103954315186e-02
7.215183228254318237e-02
9.796597063541412354e-02
-1.925536803901195526e-02
1.198288649320602417e-01
9.497371502220630646e-03
1.044982969760894775e-01
1.419413089752197266e-01
2.864710241556167603e-02
5.055135115981101990e-02
5.370119214057922363e-02
-2.894915081560611725e-02
-5.581483244895935059e-02
-2.664275839924812317e-02
1.222199201583862305e-01
-1.258765906095504761e-01
3.485594689846038818e-02
9.259187430143356323e-02
4.424394667148590088e-02
2.891805395483970642e-02
1.175142228603363037e-01
1.287815123796463013e-01
-1.122429445385932922e-01
1.290530711412429810e-01
1.129742860794067383e-01
-2.193523570895195007e-02
1.239716559648513794e-01
-4.660541191697120667e-02
-1.100397109985351562e-01
-9.863051027059555054e-02
1.248076558113098145e-01
2.797149308025836945e-02
1.471567153930664062e-01
-7.062253355979919434e-02
-4.125768318772315979e-02
-1.318331956863403320e-01
6.894224137067794800e-02
-1.429120749235153198e-01
-7.344978302717208862e-02
6.050986051559448242e-02
-6.195744872093200684e-02
-1.120435148477554321e-01
5.683599412441253662e-02
9.983640909194946289e-02
-2.664703130722045898e-02
-3.020060807466506958e-02
-6.528451293706893921e-02
-6.429316848516464233e-02
-9.700997918844223022e-02
1.213622614741325378e-01
9.777569770812988281e-02
-1.229963451623916626e-01
-1.070918366312980652e-01
-3.818763419985771179e-02
-4.305887222290039062e-02
5.467072129249572754e-02
-5.918962880969047546e-02
-2.355695143342018127e-02
-1.281339526176452637e-01
-4.125606268644332886e-02
-1.471169143915176392e-01
-1.410277485847473145e-01
6.850785762071609497e-02
1.394403278827667236e-01
7.385891675949096680e-02
1.030869409441947937e-01
-8.446511626243591309e-02
3.027042560279369354e-02
-1.218821257352828979e-01
8.669433742761611938e-02
-8.493115752935409546e-02
-1.164035052061080933e-01
1.442919671535491943e-01
-4.727860912680625916e-02
-8.145616203546524048e-02
4.221355915069580078e-02
8.212954550981521606e-02
-1.172794327139854431e-01
-1.339623928070068359e-01
1.123075783252716064e-01
-1.161186490207910538e-02
-1.447472125291824341e-01
7.215309888124465942e-02
5.831118673086166382e-02
5.659749731421470642e-02
5.009257793426513672e-02
-4.745799675583839417e-02
-1.423951536417007446e-01
-1.231114119291305542e-01
-1.094056442379951477e-01
-9.933997690677642822e-02
-7.840853929519653320e-02
5.116452649235725403e-02
2.472673915326595306e-02
1.378656551241874695e-02
-1.487338542938232422e-02
-6.283608078956604004e-02
-8.496138453483581543e-02
1.399657875299453735e-01
-1.374658942222595215e-01
-1.296112388372421265e-01
2.054114011116325855e-04
1.255391091108322144e-01
8.301150053739547729e-02
-3.637583181262016296e-02
1.276994943618774414e-01
1.183975413441658020e-01
-6.540562957525253296e-02
-1.491089761257171631e-01
-2.162123844027519226e-02
-2.854766789823770523e-03
9.275317192077636719e-02
-9.005734324455261230e-02
-1.385958194732666016e-01
-5.647266656160354614e-02
-1.044257208704948425e-01
1.450879275798797607e-01
-2.946685627102851868e-02
-1.052831578999757767e-02
3.225373476743698120e-02
9.187535941600799561e-02
4.805018194019794464e-03
7.279462367296218872e-02
9.479466825723648071e-02
-1.482395231723785400e-01
5.027910321950912476e-02
-2.551939338445663452e-02
-4.094325751066207886e-02
-1.577006839215755463e-02
1.136276405304670334e-02
-4.229902476072311401e-02
1.364908218383789062e-01
-3.285191953182220459e-02
-4.560501128435134888e-02
1.025085747241973877e-01
2.180420979857444763e-02
-1.097008138895034790e-01
1.022691000252962112e-02
3.990447521209716797e-02
-7.967943698167800903e-02
-3.169332072138786316e-02
-1.201761364936828613e-01
-6.803769618272781372e-02
-1.118671149015426636e-01
1.028238609433174133e-01
1.174667477607727051e-01
-7.474007457494735718e-02
1.094303727149963379e-01
-8.479901403188705444e-02
-9.587598592042922974e-02
-5.485684052109718323e-02
-1.459202021360397339e-01
5.549058783799409866e-03
1.453242599964141846e-01
-4.499327018857002258e-02
-6.085647642612457275e-02
2.121146023273468018e-02
8.756218105554580688e-02
2.297970093786716461e-02
-3.668606653809547424e-02
-3.650080040097236633e-02
1.425595283508300781e-01
2.192447893321514130e-02
5.377887189388275146e-02
2.948778867721557617e-02
1.331381797790527344e-01
1.638048142194747925e-02
-5.758552253246307373e-02
9.663724899291992188e-02
1.611324772238731384e-02
1.118697226047515869e-02
-3.442478924989700317e-02
1.114360615611076355e-02
2.704288344830274582e-03
-3.750243037939071655e-02
-1.445459127426147461e-01
-6.603645533323287964e-02
1.078780293464660645e-01
6.598196923732757568e-02
-1.122542321681976318e-01
3.763480484485626221e-02
-1.139820218086242676e-01
3.075855970382690430e-02
4.131391644477844238e-02
-1.278878897428512573e-01
5.722619593143463135e-02
-9.304684400558471680e-02
5.897998809814453125e-03
-7.691431045532226562e-02
1.143870428204536438e-01
1.127732265740633011e-02
4.465998336672782898e-02
-6.313151866197586060e-02
4.545239731669425964e-02
1.435020416975021362e-01
-1.456711292266845703e-01
-5.523287877440452576e-02
1.272561773657798767e-02
-1.478354185819625854e-01
1.122581772506237030e-03
-1.301973760128021240e-01
-1.259031742811203003e-01
-4.431638494133949280e-02
-1.289166808128356934e-01
-1.222618222236633301e-01
-1.126025170087814331e-01
-8.771877735853195190e-02
5.893704947084188461e-03
2.605286240577697754e-02
1.172937527298927307e-01
1.405501961708068848e-01
4.818286746740341187e-02
1.077148318290710449e-01
1.893888786435127258e-02
-7.110609859228134155e-02
1.488188952207565308e-01
-5.531446542590856552e-03
-5.024790391325950623e-02
-3.405385836958885193e-02
9.182316064834594727e-02
-7.897245883941650391e-02
1.431506872177124023e-01
4.983704909682273865e-02
-5.581840127706527710e-02
8.708470314741134644e-02
8.771959692239761353e-02
7.175794453360140324e-04
-6.575305014848709106e-02
-1.017679125070571899e-01
1.334172338247299194e-01
-5.248105898499488831e-02
-5.768819898366928101e-02
-9.648144990205764771e-02
1.131305694580078125e-01
-1.891040429472923279e-02
-8.466856926679611206e-02
1.353746093809604645e-02
-8.075226843357086182e-02
3.498019278049468994e-02
-3.457042202353477478e-02
4.304803535342216492e-02
-5.335484072566032410e-02
1.465386617928743362e-02
-2.198232710361480713e-02
1.304901856929063797e-02
-2.815059199929237366e-02
2.686439082026481628e-03
6.959323585033416748e-02
-1.426138728857040405e-01
-9.684120118618011475e-02
-1.498007029294967651e-01
1.248561665415763855e-01
1.361181735992431641e-01
5.966268479824066162e-02
-5.810090154409408569e-02
8.114123344421386719e-02
-3.019717521965503693e-02
-1.006843149662017822e-02
7.340654265135526657e-03
4.984857514500617981e-02
5.815864726901054382e-02
-5.907241627573966980e-02
8.012736216187477112e-03
7.041314244270324707e-02
5.252207443118095398e-02
1.183654889464378357e-01
2.563551068305969238e-02
-1.427413523197174072e-01
-1.364901065826416016e-01
-6.160692870616912842e-02
1.424399018287658691e-01
1.063577607274055481e-01
-8.727759867906570435e-02
1.489870697259902954e-01
-4.543571174144744873e-02
-5.354183912277221680e-02
-6.383424624800682068e-03
-2.539840340614318848e-02
-4.393206443637609482e-03
-8.715161681175231934e-02
-3.964245691895484924e-02
-4.173763096332550049e-02
3.448991104960441589e-03
-1.045245770364999771e-02
2.083356678485870361e-02
1.135364174842834473e-01
-2.315897494554519653e-02
1.939474372193217278e-03
2.043437585234642029e-02
1.132765412330627441e-01
1.134328320622444153e-01
-3.157241269946098328e-02
2.845599316060543060e-02
-2.177135320380330086e-03
-1.006792411208152771e-01
-5.731743946671485901e-02
-7.299717515707015991e-02
-2.035925351083278656e-02
-3.798322752118110657e-02
-9.756930172443389893e-02
-1.179631501436233521e-01
5.495543405413627625e-02
1.059359461069107056e-01
3.079687058925628662e-02
-6.617363542318344116e-02
2.631032094359397888e-02
5.710646882653236389e-02
-2.579148567747324705e-04
1.240482926368713379e-02
3.403617814183235168e-02
1.043933033943176270e-01
-9.112180024385452271e-02
4.335775971412658691e-02
-6.620368361473083496e-02
-5.705440416932106018e-02
-7.000729441642761230e-02
-3.795053437352180481e-02
-8.572824299335479736e-02
1.046921461820602417e-01
-9.703946858644485474e-02
-4.163513332605361938e-02
5.242312699556350708e-02
1.102936267852783203e-01
1.447646617889404297e-01
6.311408430337905884e-02
-7.926212996244430542e-02
-2.769046649336814880e-02
1.953159458935260773e-02
5.348953604698181152e-02
-4.826845228672027588e-02
2.590523660182952881e-02
-8.448749780654907227e-02
-1.411120444536209106e-01
-5.683933198451995850e-02
4.074366018176078796e-02
-9.205594658851623535e-02
-1.307570375502109528e-02
1.134050935506820679e-01
7.195313274860382080e-02
7.130715996026992798e-02
-5.702499672770500183e-02
1.102243661880493164e-01
-4.848597198724746704e-02
-1.000727042555809021e-01
1.399433165788650513e-01
4.639106988906860352e-02
-3.841682150959968567e-02
8.570516109466552734e-02
-9.915938973426818848e-02
-6.003707274794578552e-02
3.300788998603820801e-02
-5.578663200139999390e-03
-1.528390217572450638e-02
1.362687200307846069e-01
7.698817551136016846e-02
-3.565008938312530518e-02
5.586190894246101379e-02
1.216283515095710754e-01
-2.937471680343151093e-02
2.165416814386844635e-02
-1.212251484394073486e-01
1.780297956429421902e-03
1.130850389599800110e-01
-7.099130749702453613e-02
1.405128687620162964e-01
4.903332889080047607e-02
-8.873958885669708252e-02
7.630681153386831284e-03
7.187554240226745605e-02
4.505990445613861084e-02
1.190733164548873901e-02
-4.082918912172317505e-02
-3.805707767605781555e-02
-1.409368067979812622e-01
1.346400678157806396e-01
4.185911267995834351e-02
1.311394721269607544e-01
-1.450274884700775146e-01
-1.260562837123870850e-01
7.505152374505996704e-02
1.025695502758026123e-01
1.333002746105194092e-01
-4.118289798498153687e-02
-6.447616219520568848e-02
-2.307847328484058380e-02
1.088214479386806488e-02
-6.485501676797866821e-02
-1.391102671623229980e-01
1.220614984631538391e-01
-1.240613833069801331e-01
5.886096879839897156e-02
-1.423070132732391357e-01
-3.580981492996215820e-02
-2.032749354839324951e-03
1.185476873070001602e-02
8.444099873304367065e-02
-1.164878308773040771e-01
1.000681221485137939e-01
-1.145810484886169434e-01
7.458585500717163086e-02
7.366634905338287354e-02
8.050942420959472656e-02
7.519124448299407959e-02
-4.337987303733825684e-02
3.110726177692413330e-02
6.569640338420867920e-02
-1.285405308008193970e-01
9.242106229066848755e-02
-1.672826893627643585e-02
-3.571485169231891632e-03
-5.668692663311958313e-02
1.268411874771118164e-01
-9.996540844440460205e-02
-3.498660773038864136e-02
3.578711301088333130e-02
3.936226665973663330e-02
-6.855651736259460449e-02
1.415907889604568481e-01
-1.112683862447738647e-01
4.198304191231727600e-02
-8.327965438365936279e-02
2.603903412818908691e-03
5.102687329053878784e-02
2.827211841940879822e-02
-1.071375906467437744e-01
1.177414357662200928e-01
4.873982444405555725e-02
3.393320366740226746e-02
-2.007180638611316681e-02
1.318596303462982178e-01
-9.782113134860992432e-02
-7.625890523195266724e-02
9.744872152805328369e-02
-1.959927007555961609e-02
-1.152987852692604065e-01
-9.435793757438659668e-02
1.280388087034225464e-01
-4.514223337173461914e-02
-8.652655780315399170e-02
-4.443240538239479065e-02
1.221357509493827820e-01
5.486857146024703979e-02
-1.265477240085601807e-01
-1.367707848548889160e-01
-6.594078987836837769e-02
-1.327588707208633423e-01
-9.038111567497253418e-02
-1.178818047046661377e-01
1.065266653895378113e-01
-3.796369954943656921e-02
-1.285375952720642090e-01
-7.169153541326522827e-02
1.986529305577278137e-02
-8.024011040106415749e-04
-1.404259353876113892e-01
1.271487176418304443e-01
-4.853078350424766541e-02
-4.345446079969406128e-02
1.837626099586486816e-02
-1.376260817050933838e-01
4.831269383430480957e-03
3.080025315284729004e-03
5.706042051315307617e-03
-1.257525831460952759e-01
-5.134645104408264160e-02
1.031689345836639404e-01
-5.544190853834152222e-02
5.002361536026000977e-02
1.358375251293182373e-01
-1.482937633991241455e-01
1.177214905619621277e-01
-8.828150480985641479e-02
1.866734400391578674e-02
-4.068362712860107422e-02
-1.679640635848045349e-02
4.230262711644172668e-02
1.166678071022033691e-01
1.045304536819458008e-01
7.677953690290451050e-02
1.121117919683456421e-01
1.247148439288139343e-01
8.804042637348175049e-02
4.298883303999900818e-02
1.132570803165435791e-01
-7.542216032743453979e-02
-6.806868314743041992e-02
5.145648866891860962e-02
-2.060610428452491760e-02
5.269296839833259583e-02
-4.356970638036727905e-02
-1.345658600330352783e-01
5.233648791909217834e-02
-6.408891826868057251e-02
-1.263474524021148682e-01
7.273931056261062622e-02
-4.798171296715736389e-02
1.271145790815353394e-01
7.851784676313400269e-02
-1.278489679098129272e-01
-1.401535272598266602e-01
8.664573729038238525e-02
-1.113092675805091858e-01
2.759865112602710724e-02
-6.883610785007476807e-02
2.575391344726085663e-02
-8.302680402994155884e-02
-5.735088884830474854e-02
8.245176821947097778e-02
1.320168226957321167e-01
3.526932373642921448e-02
-1.029655337333679199e-01
-9.344296157360076904e-02
6.966652721166610718e-02
1.057461276650428772e-02
1.033575162291526794e-01
-7.627563923597335815e-02
-8.662199229001998901e-02
9.404072910547256470e-02
6.406539678573608398e-02
-6.817927211523056030e-02
1.815935783088207245e-02
1.226956248283386230e-01
-6.216070055961608887e-02
-8.078062534332275391e-02
3.635583445429801941e-02
2.331912517547607422e-02
-1.463442742824554443e-01
1.318786591291427612e-01
1.418369412422180176e-01
-1.054667308926582336e-01
3.012383542954921722e-02
-2.464975602924823761e-02
3.052678890526294708e-02
1.145711913704872131e-01
-7.365844398736953735e-02
-7.133750617504119873e-02
-1.009204685688018799e-01
7.158628851175308228e-02
-6.576073914766311646e-02
-1.484124064445495605e-01
-2.071985043585300446e-03
-1.571692153811454773e-02
6.156201288104057312e-02
-1.379302293062210083e-01
-2.713490836322307587e-02
9.949990361928939819e-02
-4.835975170135498047e-02
-2.256428822875022888e-02
-1.195221319794654846e-01
-1.216646060347557068e-01
-6.769957486540079117e-03
-2.338653430342674255e-02
1.591867022216320038e-02
2.885275520384311676e-02
3.036932088434696198e-03
-3.190031275153160095e-02
-3.336229547858238220e-02
5.159026011824607849e-02
-9.179708361625671387e-02
-1.379377841949462891e-01
1.775693707168102264e-02
4.717584326863288879e-02
-1.388651728630065918e-01
-2.682201378047466278e-02
6.217848137021064758e-02
6.960128992795944214e-02
5.836451426148414612e-02
3.296671807765960693e-02
-1.662379130721092224e-02
-8.685099333524703979e-02
1.175656244158744812e-01
1.077347993850708008e-01
9.497392177581787109e-02
-8.444241434335708618e-02
-1.105135455727577209e-01
-4.460883140563964844e-02
4.609785042703151703e-03
-2.907783538103103638e-02
1.299608498811721802e-01
1.906756684184074402e-02
-1.101922392845153809e-01
-7.020078599452972412e-03
1.347702741622924805e-01
8.756888657808303833e-02
-3.619129210710525513e-02
7.998473942279815674e-02
4.929753020405769348e-02
1.307438313961029053e-01
-7.495603710412979126e-02
-7.938248664140701294e-02
-1.500446498394012451e-01
-5.419100075960159302e-02
2.393031120300292969e-02
-4.734156653285026550e-03
-2.096183830872178078e-03
1.137758791446685791e-01
6.660613417625427246e-02
-1.261339634656906128e-01
-1.206174865365028381e-01
-1.148829683661460876e-01
3.846242325380444527e-03
2.849278226494789124e-02
4.496439546346664429e-02
8.843688666820526123e-02
6.888546794652938843e-02
-2.654137276113033295e-02
5.455137789249420166e-02
-1.350104957818984985e-01
-5.162229016423225403e-02
-8.452890068292617798e-02
7.068181782960891724e-02
4.678427428007125854e-02
-1.443582773208618164e-02
-1.034083217382431030e-01
-8.509339392185211182e-02
1.465382147580385208e-02
-1.292251199483871460e-01
9.903670102357864380e-02
1.954134926199913025e-02
-6.665214896202087402e-02
-1.307201385498046875e-01
-3.875717520713806152e-02
5.763410031795501709e-02
-9.847541153430938721e-02
7.929486781358718872e-02
1.125308275222778320e-01
-2.012814395129680634e-02
-1.176484674215316772e-01
-1.361238062381744385e-01
-5.871262773871421814e-02
8.752417564392089844e-02
-4.837885964661836624e-03
1.310864239931106567e-01
-2.988100796937942505e-02
2.783535420894622803e-02
6.203048676252365112e-02
-9.397589415311813354e-02
-8.272185921669006348e-02
-1.058199349790811539e-02
-1.213197931647300720e-01
6.350163370370864868e-02
-1.389576941728591919e-01
4.020714759826660156e-02
-8.018904179334640503e-02
-9.502395987510681152e-02
-8.691187947988510132e-02
1.271297633647918701e-01
5.799034982919692993e-02
-5.695444345474243164e-02
5.031014233827590942e-02
-5.596236884593963623e-02
5.278847739100456238e-02
7.404891401529312134e-02
-6.491431593894958496e-02
1.144765615463256836e-01
-1.897857873700559139e-03
9.574436396360397339e-02
1.087679862976074219e-01
2.765354514122009277e-02
-1.123488098382949829e-01
4.830756783485412598e-02
4.867906868457794189e-02
-9.380570799112319946e-02
1.006276607513427734e-01
8.340090513229370117e-03
7.664349675178527832e-02
5.900679528713226318e-02
8.118012547492980957e-02
-2.119773626327514648e-02
-6.409552693367004395e-02
-1.261113733053207397e-01
-6.411031633615493774e-02
-7.944387197494506836e-02
-2.059947699308395386e-02
-1.499173790216445923e-01
-6.492757052183151245e-02
-4.493923112750053406e-02
6.097467616200447083e-03
7.856833399273455143e-04
1.098934262990951538e-01
1.448786910623311996e-02
1.258306503295898438e-01
-9.423176199197769165e-02
4.888160037808120251e-04
-3.856484964489936829e-02
6.053290516138076782e-02
1.063078641891479492e-01
-2.893009409308433533e-02
7.522407919168472290e-02
1.385307461023330688e-01
1.491579711437225342e-01
3.049771115183830261e-02
-1.377947032451629639e-01
-1.050072312355041504e-01
7.820694893598556519e-02
-5.794623866677284241e-02
8.252660930156707764e-02
-6.934535503387451172e-02
-1.416972428560256958e-01
-6.541648507118225098e-02
-5.806799232959747314e-02
1.479468047618865967e-01
-1.273823827505111694e-01
1.792752370238304138e-02
9.197021275758743286e-02
-1.244268938899040222e-01
4.338467027992010117e-03
-6.283999234437942505e-02
2.292190678417682648e-02
1.379146426916122437e-01
-9.171301499009132385e-03
1.208159103989601135e-01
1.183950155973434448e-01
-3.311033174395561218e-02
9.150291234254837036e-02
4.159188270568847656e-02
-1.242981553077697754e-01
-7.344467192888259888e-02
7.217842340469360352e-02
1.464937031269073486e-01
2.728380262851715088e-02
-7.201209664344787598e-02
6.756359338760375977e-02
7.160131633281707764e-02
-1.196229606866836548e-01
-1.439012289047241211e-01
1.263830959796905518e-01
-1.297687888145446777e-01
1.378851085901260376e-01
-2.723654173314571381e-02
4.718204587697982788e-02
1.416717618703842163e-01
-7.692275196313858032e-02
1.003074422478675842e-01
1.415299773216247559e-01
9.306091070175170898e-02
-1.338267326354980469e-02
6.708664447069168091e-02
5.818601697683334351e-02
1.271690875291824341e-01
3.041659248992800713e-03
-1.118452996015548706e-01
-1.038742661476135254e-01
-1.234309449791908264e-01
-2.027295902371406555e-02
1.041061878204345703e-01
9.554780274629592896e-02
-1.264819651842117310e-01
-3.672599047422409058e-02
-1.207087114453315735e-01
4.721317440271377563e-02
3.106446564197540283e-02
-5.342472344636917114e-02
-1.263360232114791870e-01
9.185682237148284912e-02
7.745748758316040039e-02
8.409978449344635010e-02
-1.297618001699447632e-01
1.094199866056442261e-01
-1.074021980166435242e-01
-2.268241904675960541e-02
-1.393907070159912109e-01
-4.100957885384559631e-03
-2.809508889913558960e-02
-1.402469873428344727e-01
-8.766093850135803223e-02
9.662076085805892944e-02
-2.186397835612297058e-02
1.435083746910095215e-01
1.030871197581291199e-01
-9.621735662221908569e-02
-9.522432833909988403e-02
5.794759467244148254e-02
-8.976635336875915527e-02
-6.882038712501525879e-02
3.703245148062705994e-02
4.674068093299865723e-02
6.704036891460418701e-02
-5.579558014869689941e-02
4.846762493252754211e-02
-9.168358892202377319e-02
-5.956916511058807373e-02
5.906663835048675537e-02
9.094948321580886841e-02
-2.308875694870948792e-02
-3.890397772192955017e-02
-1.120828986167907715e-01
-3.325095027685165405e-02
6.989979185163974762e-03
1.348583549261093140e-01
8.257433772087097168e-02
3.143039718270301819e-02
8.644391596317291260e-02
-7.039837539196014404e-02
6.613998115062713623e-02
-1.134516596794128418e-01
6.236497685313224792e-02
9.321656078100204468e-02
1.289078742265701294e-01
3.947281092405319214e-02
2.283325791358947754e-02
-8.212864398956298828e-03
-1.479828953742980957e-01
7.420653942972421646e-03
-4.574397206306457520e-02
-6.775741279125213623e-02
7.744766026735305786e-02
-1.370435953140258789e-01
-1.703004166483879089e-02
1.416889876127243042e-01
6.800256669521331787e-02
-1.388061195611953735e-01
-7.270839065313339233e-02
-6.961355358362197876e-02
3.382523311302065849e-03
3.552085533738136292e-02
1.128712594509124756e-01
-1.460317522287368774e-01
-5.059796199202537537e-02
-6.863242387771606445e-02
7.965811342000961304e-02
-1.989841274917125702e-02
-1.726618967950344086e-02
-1.594812842085957527e-03
2.375508844852447510e-02
-1.039938852190971375e-01
1.990637741982936859e-02
6.920163333415985107e-02
1.033517196774482727e-01
6.640916317701339722e-02
-1.044899411499500275e-02
9.357120841741561890e-02
8.825304359197616577e-02
1.463515460491180420e-01
-3.789785131812095642e-02
7.269503921270370483e-02
-1.459736973047256470e-01
-5.347390845417976379e-02
8.966220542788505554e-03
1.921011507511138916e-02
7.898434065282344818e-03
-1.408862918615341187e-01
4.399636387825012207e-02
-1.172864809632301331e-01
-1.057810261845588684e-01
1.114361658692359924e-01
-9.104365110397338867e-02
-9.211950004100799561e-02
8.426506072282791138e-02
-1.398909389972686768e-01
2.273705042898654938e-02
8.748165518045425415e-02
-7.384931296110153198e-02
-7.088505476713180542e-02
2.341101877391338348e-02
-9.839659184217453003e-02
-1.155557930469512939e-01
3.639480099081993103e-02
1.512944325804710388e-02
1.428880244493484497e-01
5.780445039272308350e-02
-1.304802745580673218e-01
-1.720954850316047668e-02
7.149450480937957764e-02
-5.600844696164131165e-02
-5.787173658609390259e-02
1.273168474435806274e-01
7.067392766475677490e-02
1.105259731411933899e-01
-1.144403126090764999e-02
-6.196852400898933411e-02
-1.397829055786132812e-01
-1.165688708424568176e-01
-5.734510347247123718e-02
-6.501495838165283203e-02
-7.509842514991760254e-02
1.044907700270414352e-02
-5.720945820212364197e-02
-2.133555524051189423e-02
-5.834138765931129456e-02
-7.874043285846710205e-02
-3.169381991028785706e-02
1.301603913307189941e-01
6.519455462694168091e-02
-9.361936897039413452e-02
-1.058185398578643799e-01
6.165939942002296448e-02
-6.960386037826538086e-02
2.667154930531978607e-02
-1.192443668842315674e-01
-1.225907430052757263e-01
-1.591544784605503082e-02
-1.194657608866691589e-01
-1.421279832720756531e-02
2.867277339100837708e-02
1.795884105376899242e-03
-6.027384195476770401e-03
-1.071838960051536560e-01
1.306458413600921631e-01
-9.039089828729629517e-02
7.309194654226303101e-02
1.755080372095108032e-02
-9.361826628446578979e-02
1.211339794099330902e-02
-1.376675069332122803e-01
1.163276284933090210e-01
-8.066684007644653320e-02
4.440950602293014526e-02
1.380012631416320801e-01
-5.729684233665466309e-02
-3.535129595547914505e-03
2.446914650499820709e-02
8.779366314411163330e-02
-9.872115403413772583e-02
-3.430908918380737305e-02
-1.512345299124717712e-02
-4.057338088750839233e-02
1.187330484390258789e-01
3.913070261478424072e-02
4.905533790588378906e-02
-2.908542752265930176e-03
-5.231479555368423462e-02
1.457328200340270996e-01
-1.012766733765602112e-01
-1.482943743467330933e-01
-1.389862447977066040e-01
1.021871864795684814e-01
-1.131569743156433105e-01
-6.148259341716766357e-02
-2.866540802642703056e-03
1.163163408637046814e-02
9.564547985792160034e-02
7.150805741548538208e-02
-7.899445295333862305e-02
-1.379704028367996216e-01
4.300729930400848389e-02
8.261287957429885864e-02
3.263625502586364746e-02
1.014796346426010132e-01
1.145883500576019287e-01
-1.401127874851226807e-01
6.172307580709457397e-02
2.889050170779228210e-02
-1.410535573959350586e-01
3.825727105140686035e-02
-6.743361055850982666e-02
1.149431020021438599e-01
-6.202401220798492432e-02
-1.149102598428726196e-01
2.683552727103233337e-02
5.117619037628173828e-02
-3.644846379756927490e-02
1.343146264553070068e-01
-1.411630678921937943e-02
-1.483910381793975830e-01
5.856814235448837280e-02
4.562884569168090820e-02
2.440700680017471313e-02
1.326612532138824463e-01
1.460543125867843628e-01
6.337253004312515259e-02
1.380480527877807617e-01
1.410860866308212280e-01
7.417239993810653687e-02
-1.006983816623687744e-01
-1.086581796407699585e-01
-1.496302038431167603e-01
-9.320869296789169312e-02
-4.652427136898040771e-02
-8.015576004981994629e-02
4.935406893491744995e-02
1.044793054461479187e-01
-7.144681178033351898e-03
-1.441066712141036987e-01
-7.954254746437072754e-02
7.170274853706359863e-02
-6.939779222011566162e-02
-1.324017196893692017e-01
4.282835870981216431e-03
-1.277578175067901611e-01
2.089964970946311951e-02
7.054650783538818359e-02
-4.162919521331787109e-02
-2.104910276830196381e-02
1.162884980440139771e-01
-2.423089556396007538e-02
1.757830753922462463e-02
1.440787613391876221e-01
3.894808143377304077e-02
1.499335914850234985e-01
-2.398243732750415802e-02
-8.779691415838897228e-04
7.565715163946151733e-02
5.815127119421958923e-02
-1.463234573602676392e-01
3.495987504720687866e-02
1.472963765263557434e-02
1.417302191257476807e-01
-7.519672811031341553e-02
-1.147194728255271912e-01
-3.628966584801673889e-02
1.339097768068313599e-01
-5.165142565965652466e-02
1.802601478993892670e-02
-4.753934964537620544e-02
-1.334623843431472778e-01
-3.110545501112937927e-02
1.482620686292648315e-01
1.263955086469650269e-01
-5.730283260345458984e-02
-1.431612074375152588e-01
-1.061706915497779846e-01
-2.906163036823272705e-02
1.404535174369812012e-01
-4.870363324880599976e-02
4.897087067365646362e-02
9.306102246046066284e-02
1.348501741886138916e-01
-1.050313636660575867e-01
1.136283576488494873e-01
-6.081050634384155273e-02
-9.943304210901260376e-02
-2.946090325713157654e-02
1.696340553462505341e-02
2.556116878986358643e-02
5.114902555942535400e-02
1.545325201004743576e-02
2.477093040943145752e-02
7.547748088836669922e-02
-7.443815469741821289e-02
5.469828844070434570e-02
-8.239584416151046753e-02
-6.295725703239440918e-03
9.427344426512718201e-03
1.279181241989135742e-01
-2.810726873576641083e-02
2.670271694660186768e-02
6.378918886184692383e-02
8.677239529788494110e-03
3.058768995106220245e-02
5.489230155944824219e-02
1.469442695379257202e-01
1.144171878695487976e-01
-1.172934025526046753e-01
-8.967464417219161987e-02
-6.126271933317184448e-02
7.274467963725328445e-03
-5.761128268204629421e-04
9.133911132812500000e-02
1.214682608842849731e-01
7.896249741315841675e-02
8.026615250855684280e-05
-1.427828669548034668e-01
-1.070555672049522400e-01
-1.008926331996917725e-01
6.157524883747100830e-02
-2.680511958897113800e-02
-1.256252527236938477e-01
-1.301530748605728149e-01
3.646708652377128601e-02
-7.477502524852752686e-02
-7.441719621419906616e-02
-7.489920407533645630e-02
6.568284332752227783e-02
3.750381991267204285e-02
1.372066140174865723e-01
4.926224052906036377e-02
1.392296850681304932e-01
-1.112089492380619049e-02
1.469682902097702026e-01
9.596600383520126343e-02
1.085655167698860168e-01
-9.153781086206436157e-02
-2.377249300479888916e-02
-7.879229635000228882e-02
7.475274801254272461e-02
1.073998585343360901e-01
8.682697266340255737e-02
-1.167563870549201965e-01
-2.879028581082820892e-02
9.728544950485229492e-02
-7.009232044219970703e-02
-1.313185542821884155e-01
-1.409562081098556519e-01
-3.413230925798416138e-02
4.719231650233268738e-02
1.130816563963890076e-01
-1.403924226760864258e-01
-8.091127872467041016e-02
1.250424981117248535e-01
-8.125211298465728760e-02
4.730612039566040039e-03
-4.964308813214302063e-02
7.250615209341049194e-02
1.046185716986656189e-01
-2.803058549761772156e-02
-1.383016407489776611e-01
1.846251264214515686e-02
1.179241910576820374e-01
4.873563349246978760e-02
-5.486585572361946106e-02
4.614920541644096375e-02
2.795744128525257111e-02
5.557715427130460739e-03
-7.726640254259109497e-02
-7.228609919548034668e-02
8.629822731018066406e-02
-5.418724846094846725e-03
-2.112235873937606812e-02
2.762739174067974091e-02
-1.365923136472702026e-01
-4.149246215820312500e-02
4.349127411842346191e-02
2.822259441018104553e-02
1.115848645567893982e-01
8.067531511187553406e-03
-1.043564751744270325e-01
-1.185293048620223999e-01
5.434510484337806702e-02
-4.477050527930259705e-02
-2.882950380444526672e-02
-1.043961569666862488e-01
-1.139940135180950165e-02
-1.731358468532562256e-02
-1.159489154815673828e-01
-8.928389102220535278e-02
-3.333954513072967529e-02
-1.270459890365600586e-01
-1.430021971464157104e-01
-8.283044397830963135e-02
-1.376735270023345947e-01
1.217364519834518433e-01
1.205650791525840759e-01
-2.235607989132404327e-02
6.502325832843780518e-02
7.403191179037094116e-02
6.522809714078903198e-02
8.160148561000823975e-02
1.627884246408939362e-02
6.386569887399673462e-02
-4.825550317764282227e-02
-1.210890039801597595e-01
-1.284924000501632690e-01
-1.420047972351312637e-02
6.785470247268676758e-02
-3.909349814057350159e-02
6.483899801969528198e-02
2.472627907991409302e-02
1.124209612607955933e-01
7.961483299732208252e-02
-1.663924753665924072e-02
9.807658195495605469e-02
-5.799537897109985352e-02
2.471768856048583984e-02
1.096057668328285217e-01
1.046660244464874268e-01
5.421599000692367554e-02
-1.426483541727066040e-01
5.490532144904136658e-02
-6.290373951196670532e-02
-1.383389383554458618e-01
-7.201752811670303345e-02
9.497176855802536011e-02
-1.265378892421722412e-01
-1.298797279596328735e-01
1.363102793693542480e-01
1.653033867478370667e-02
-4.363787919282913208e-02
-1.175587251782417297e-01
8.691291511058807373e-02
4.001256823539733887e-02
-1.078301668167114258e-02
1.810964941978454590e-02
8.463782072067260742e-02
6.152233853936195374e-02
-5.456247925758361816e-02
-2.758615883067250252e-03
-9.069267660379409790e-02
-5.469010397791862488e-02
1.101140398532152176e-02
2.971214056015014648e-02
1.497786343097686768e-01
1.437605619430541992e-01
6.772772967815399170e-02
2.416552416980266571e-02
-1.429720520973205566e-01
-6.940768659114837646e-02
-1.054961979389190674e-01
1.142156720161437988e-01
4.939539823681116104e-03
6.690104305744171143e-02
-1.410579979419708252e-01
8.258938789367675781e-03
-8.383369445800781250e-02
-1.348297148942947388e-01
8.073245733976364136e-02
8.071546256542205811e-02
7.944649457931518555e-02
-1.616272889077663422e-02
-9.695784002542495728e-02
-6.416389346122741699e-02
8.034794777631759644e-02
-1.475778818130493164e-01
3.231918672099709511e-03
4.505525901913642883e-02
7.559034973382949829e-02
-1.306249648332595825e-01
7.154443860054016113e-02
1.167366094887256622e-02
6.778825074434280396e-02
-3.995183855295181274e-02
1.433626860380172729e-01
1.200947314500808716e-01
5.337977409362792969e-02
-1.881158724427223206e-02
-9.740951657295227051e-02
-9.780207276344299316e-02
-9.863172657787799835e-03
-6.495092064142227173e-02
4.131231829524040222e-02
2.704580128192901611e-02
8.245150558650493622e-03
4.108254984021186829e-02
1.500788033008575439e-01
1.525081600993871689e-02
4.911444708704948425e-02
4.754212498664855957e-02
-2.019075676798820496e-02
9.496991336345672607e-02
1.643082313239574432e-02
3.205472230911254883e-02
-1.478202361613512039e-02
-1.364495754241943359e-01
-4.307499155402183533e-02
-3.238261118531227112e-02
-6.051567383110523224e-03
-1.018718350678682327e-02
5.084351450204849243e-02
-4.888318851590156555e-02
1.041921377182006836e-01
8.533611893653869629e-03
1.195408180356025696e-01
7.869690656661987305e-02
4.062490537762641907e-02
9.612798690795898438e-02
-1.414575576782226562e-01
2.658068016171455383e-02
-2.315595187246799469e-02
-3.673983737826347351e-02
5.130837112665176392e-02
5.904341861605644226e-02
-6.764651834964752197e-02
-6.603677570819854736e-02
-4.983503837138414383e-03
-6.517869234085083008e-02
4.904371127486228943e-02
-1.309766769409179688e-01
-6.950231641530990601e-02
9.154219925403594971e-02
4.927601665258407593e-02
-9.330515563488006592e-02
1.666382653638720512e-03
-3.698186203837394714e-02
8.415910601615905762e-02
-1.698532328009605408e-02
-1.466706842184066772e-01
-1.995288394391536713e-02
1.183491423726081848e-01
7.213057577610015869e-02
-1.396321803331375122e-01
-7.328618317842483521e-02
9.038612246513366699e-02
1.273904889822006226e-01
-6.686925888061523438e-02
-4.889022186398506165e-02
1.332411617040634155e-01
-1.034105047583580017e-01
-2.094702608883380890e-02
-4.222078621387481689e-02
-1.421495676040649414e-01
6.554035842418670654e-02
-8.234792202711105347e-02
-4.072419553995132446e-02
-1.164431795477867126e-01
-1.374363899230957031e-01
1.303989738225936890e-01
-1.156749874353408813e-01
-1.510581374168395996e-02
1.832259120419621468e-03
-9.170539677143096924e-03
8.577605336904525757e-02
-7.080931961536407471e-02
5.718921869993209839e-02
-1.421210318803787231e-01
1.154505014419555664e-01
-1.384059041738510132e-01
-2.723160665482282639e-03
8.051316440105438232e-02
1.009926870465278625e-01
4.022012278437614441e-02
-6.764780730009078979e-02
-7.312861829996109009e-02
8.040054142475128174e-02
3.939535096287727356e-02
5.477368365973234177e-03
-2.398716285824775696e-02
-1.255715191364288330e-01
-1.285610198974609375e-01
-8.444384671747684479e-03
-1.319100260734558105e-01
1.159880608320236206e-01
-2.560339123010635376e-02
-2.728859148919582367e-02
2.041111292783170938e-04
3.524184599518775940e-02
3.092598728835582733e-02
7.425054907798767090e-02
1.123978570103645325e-01
-3.862516582012176514e-02
1.027813330292701721e-01
9.642928838729858398e-02
-7.824105024337768555e-02
-1.014501973986625671e-01
-2.526901848614215851e-02
-1.399317830801010132e-01
1.436057984828948975e-01
-1.012659166008234024e-02
3.229727968573570251e-02
1.329733878374099731e-01
-1.336150914430618286e-01
1.267603933811187744e-01
-3.307063598185777664e-03
-1.178071722388267517e-01
-9.516306221485137939e-02
-3.895191242918372154e-03
1.384795904159545898e-01
6.970515847206115723e-02
-1.113248988986015320e-03
-1.066131889820098877e-02
1.227781698107719421e-01
-1.320882290601730347e-01
-1.274169981479644775e-01
-6.553314626216888428e-02
9.457138366997241974e-03
-9.721583873033523560e-02
-6.064470508135855198e-04
1.241972148418426514e-01
2.202985249459743500e-02
6.825053691864013672e-02
2.469925954937934875e-02
1.441751420497894287e-01
-5.464845523238182068e-02
5.788240954279899597e-02
-1.411025524139404297e-01
6.442418694496154785e-02
6.343170255422592163e-02
-8.728152140974998474e-03
-7.320614904165267944e-02
-1.148838773369789124e-01
-5.409032851457595825e-02
7.991830818355083466e-03
1.458714455366134644e-01
2.299854904413223267e-02
-1.384227816015481949e-02
-1.305019669234752655e-02
-6.342981755733489990e-02
2.166589349508285522e-02
1.260001808404922485e-01
3.366467356681823730e-02
-4.395905137062072754e-02
1.448393166065216064e-01
6.387060880661010742e-02
-4.127897694706916809e-02
1.253745853900909424e-01
-5.236876197159290314e-03
-1.452319025993347168e-01
-1.084259152412414551e-01
7.226148992776870728e-02
8.240640163421630859e-03
4.043641686439514160e-02
-6.967446208000183105e-02
1.260047852993011475e-01
1.034715473651885986e-01
-5.839252844452857971e-02
-1.110005155205726624e-01
1.342635005712509155e-01
2.630268782377243042e-02
-1.037858352065086365e-01
1.214994490146636963e-01
1.451987307518720627e-02
1.002765670418739319e-01
9.391585737466812134e-02
8.819832652807235718e-02
1.148332282900810242e-02
8.580207824707031250e-02
-6.120763346552848816e-02
1.224209666252136230e-01
-1.035631075501441956e-01
-1.432343870401382446e-01
-1.466349512338638306e-01
-4.406869411468505859e-02
-6.945566833019256592e-02
8.003762364387512207e-02
-1.284267455339431763e-01
-7.900610798969864845e-04
-9.916432201862335205e-02
1.430401504039764404e-01
9.223316609859466553e-02
-7.506687939167022705e-02
5.213269218802452087e-02
-7.618277519941329956e-02
8.713504672050476074e-02
2.694779075682163239e-02
-1.727310009300708771e-02
6.007460504770278931e-02
-1.004827842116355896e-01
1.710838265717029572e-02
4.001588094979524612e-03
2.396090328693389893e-02
1.110312491655349731e-01
-4.208738729357719421e-02
1.316323578357696533e-01
8.111821115016937256e-02
-5.572872608900070190e-02
4.785853996872901917e-02
-5.941129848361015320e-02
-1.163204908370971680e-01
-5.333177745342254639e-02
-3.159727901220321655e-02
-1.340880244970321655e-02
-1.110491529107093811e-01
1.101733669638633728e-01
2.336577139794826508e-02
1.330287903547286987e-01
8.036490529775619507e-02
-1.755669014528393745e-03
2.139596268534660339e-02
7.862698286771774292e-02
1.363682001829147339e-01
-2.269785664975643158e-02
8.991212397813796997e-02
1.491678506135940552e-01
7.671364396810531616e-02
-5.298233777284622192e-02
-1.577125489711761475e-02
-4.959617555141448975e-02
2.914511226117610931e-02
1.266396194696426392e-01
-3.111017309129238129e-02
7.301252335309982300e-02
5.879901349544525146e-02
-3.030226752161979675e-02
-1.419652104377746582e-01
4.266062006354331970e-02
1.472350358963012695e-01
2.032440900802612305e-02
1.308255195617675781e-01
-1.869181357324123383e-02
-1.151926368474960327e-01
4.522602260112762451e-02
4.746462777256965637e-02
-6.042366847395896912e-03
-3.034494817256927490e-02
2.441265806555747986e-02
1.566231250762939453e-02
6.598106771707534790e-02
1.135427281260490417e-01
-1.116513162851333618e-01
-1.203143969178199768e-01
1.032835170626640320e-01
1.017084792256355286e-01
-4.433996230363845825e-02
-1.090158075094223022e-01
-1.384016871452331543e-01
8.655821532011032104e-02
6.834081374108791351e-03
-1.433308422565460205e-01
-5.910605564713478088e-02
-1.166573315858840942e-01
7.733781635761260986e-02
3.020983561873435974e-02
-1.125225797295570374e-01
4.060425609350204468e-02
-1.046606600284576416e-01
6.279011070728302002e-02
-6.505948305130004883e-02
-3.092727251350879669e-02
1.224448457360267639e-01
-1.426369845867156982e-01
2.013095840811729431e-02
-1.340178698301315308e-01
7.068724185228347778e-02
2.980633825063705444e-02
9.021902829408645630e-02
1.094324588775634766e-01
-5.559369176626205444e-02
9.452790953218936920e-03
2.405122295022010803e-02
-1.394733339548110962e-01
8.072420954704284668e-02
-1.044486910104751587e-01
-9.028335101902484894e-03
1.086714342236518860e-01
-1.326524615287780762e-01
1.020017191767692566e-01
-1.266487538814544678e-01
1.087138503789901733e-01
3.419970348477363586e-02
-5.386316776275634766e-02
4.566750302910804749e-02
4.826693236827850342e-02
-8.128634840250015259e-02
-6.038652360439300537e-02
-9.900480508804321289e-02
8.773194253444671631e-02
5.342793837189674377e-02
-1.212247833609580994e-01
-1.224119141697883606e-01
1.175615414977073669e-01
-3.558538109064102173e-02
-1.927117258310317993e-02
-5.002874135971069336e-02
-6.577629595994949341e-02
2.419797517359256744e-02
-1.290395110845565796e-01
-5.398736894130706787e-02
-9.105394035577774048e-02
-1.447249501943588257e-01
1.007712446153163910e-02
8.245952427387237549e-02
1.055691093206405640e-01
8.837030269205570221e-03
-9.397023171186447144e-02
-1.245054975152015686e-01
-5.462772771716117859e-02
1.140519678592681885e-01
-8.546503633260726929e-02
-2.372832223773002625e-02
-3.277656156569719315e-03
4.595701768994331360e-02
4.719047248363494873e-02
1.248312816023826599e-01
1.292546559125185013e-02
2.814824692904949188e-02
-1.247220858931541443e-01
5.393688753247261047e-02
8.573708683252334595e-02
1.005946397781372070e-01
-1.249446868896484375e-01
4.390231519937515259e-02
-1.315268427133560181e-01
-1.150166541337966919e-01
8.367163129150867462e-03
1.077584400773048401e-01
8.980882167816162109e-02
1.271415650844573975e-01
1.026237234473228455e-01
9.338362514972686768e-02
1.520715188235044479e-03
6.832167506217956543e-02
-9.338393807411193848e-02
-6.454665213823318481e-02
9.652577340602874756e-02
-7.010567933320999146e-02
-1.419194340705871582e-01
-2.312657050788402557e-02
1.131744012236595154e-01
-3.627612814307212830e-02
1.770949549973011017e-02
1.323235929012298584e-01
2.620107121765613556e-02
1.232247352600097656e-01
-1.272658556699752808e-01
-1.594291813671588898e-02
1.246140748262405396e-01
6.845052540302276611e-02
1.300227642059326172e-01
-5.413715168833732605e-02
5.674925819039344788e-02
1.004199609160423279e-01
9.537782520055770874e-02
1.423580050468444824e-01
-1.005860045552253723e-01
8.784810453653335571e-02
-1.340083628892898560e-01
5.597537849098443985e-03
1.212189570069313049e-01
1.144969835877418518e-01
7.562774419784545898e-02
1.010630056262016296e-01
1.748661324381828308e-02
-3.137452155351638794e-02
7.911300659179687500e-02
1.914616115391254425e-02
1.660527486819773912e-04
4.507017135620117188e-02
-8.459714800119400024e-02
-5.908063054084777832e-02
-2.977554686367511749e-02
1.121713444590568542e-01
-1.235550791025161743e-01
4.232478514313697815e-02
7.513009756803512573e-02
-1.107014715671539307e-01
8.872319757938385010e-02
-1.306574195623397827e-01
5.619633197784423828e-02
1.139398068189620972e-01
6.776431947946548462e-02
9.358593821525573730e-02
2.628257684409618378e-02
-8.388923481106758118e-03
-7.562962919473648071e-02
1.046355590224266052e-01
-1.625406742095947266e-02
1.325993537902832031e-01
-2.478752098977565765e-02
-5.365615710616111755e-02
-2.926941774785518646e-02
-9.139490127563476562e-02
-3.091512806713581085e-02
-6.310250610113143921e-02
-1.012026593089103699e-01
7.235872745513916016e-02
1.312460303306579590e-01
1.171968132257461548e-01
5.214156582951545715e-02
-1.306420564651489258e-01
-1.065311729907989502e-01
1.092307716608047485e-01
-5.339986085891723633e-02
-2.029802836477756500e-02
5.483989790081977844e-02
-2.451930940151214600e-02
-7.348220050334930420e-02
-3.936327621340751648e-02
-4.743284359574317932e-02
8.727722801268100739e-03
-2.429479919373989105e-02
-5.762270092964172363e-02
-1.079956293106079102e-01
1.723790308460593224e-03
1.215058341622352600e-01
-1.064202040433883667e-01
-5.224173143506050110e-02
1.010748371481895447e-01
1.227882802486419678e-01
6.989313662052154541e-02
1.017797440290451050e-01
1.235084161162376404e-01
3.981280326843261719e-02
4.974919557571411133e-02
1.038555577397346497e-01
-1.328771859407424927e-01
-8.722758293151855469e-02
1.208347082138061523e-01
8.408836275339126587e-02
1.632154360413551331e-02
1.014976296573877335e-02
1.156009882688522339e-01
3.069243393838405609e-03
-5.052490159869194031e-02
1.031979694962501526e-01
1.116146445274353027e-01
-5.240307375788688660e-02
4.179629310965538025e-02
1.105914711952209473e-01
1.495880186557769775e-01
1.174983605742454529e-01
2.867675945162773132e-02
7.306373119354248047e-02
-6.921267509460449219e-02
8.775581419467926025e-02
1.123872399330139160e-01
5.656933039426803589e-02
7.206290215253829956e-02
3.524949401617050171e-02
8.643990010023117065e-02
-3.945969045162200928e-02
9.564922749996185303e-02
-8.698950707912445068e-02
8.248585462570190430e-02
6.545642763376235962e-02
9.869950264692306519e-02
1.327813416719436646e-01
-1.024606004357337952e-01
6.872105598449707031e-02
-7.683228701353073120e-02
-1.362434923648834229e-01
-1.405600160360336304e-01
7.993300259113311768e-02
1.454260200262069702e-03
4.371402412652969360e-02
1.076705157756805420e-01
-1.279052048921585083e-01
-6.525628268718719482e-02
1.179904937744140625e-01
1.441579014062881470e-01
-1.456421334296464920e-02
-4.065709561109542847e-02
-1.386220455169677734e-01
-4.433282185345888138e-03
-3.536823391914367676e-02
-3.889228776097297668e-02
-1.223132386803627014e-01
-1.147961840033531189e-01
7.988359779119491577e-02
1.722326129674911499e-02
4.432104527950286865e-02
8.582302182912826538e-02
-3.744551539421081543e-02
-6.750489119440317154e-03
1.048892438411712646e-01
1.433328092098236084e-01
-1.433935612440109253e-01
1.065667048096656799e-01
-1.370781753212213516e-02
-8.516909182071685791e-02
1.058550626039505005e-01
-1.091597825288772583e-01
5.073654279112815857e-02
1.326743066310882568e-01
7.894601440057158470e-04
9.738686680793762207e-02
-1.007121428847312927e-01
-7.997539639472961426e-02
-1.951293833553791046e-02
9.722833521664142609e-03
-9.146792441606521606e-02
1.435765326023101807e-01
4.451376199722290039e-02
-1.326073110103607178e-01
-3.209070861339569092e-02
9.218329936265945435e-02
1.496402770280838013e-01
9.673410654067993164e-02
-4.201962426304817200e-02
-7.101486623287200928e-02
-1.261859089136123657e-01
-5.760268494486808777e-02
2.416552277281880379e-03
-1.283136010169982910e-01
1.035393103957176208e-01
6.224892660975456238e-02
-1.497038453817367554e-01
3.758653625845909119e-02
5.351184681057929993e-02
-4.549526050686836243e-02
-1.238740980625152588e-01
7.370720058679580688e-02
-4.986440297216176987e-03
1.002508848905563354e-01
9.790934855118393898e-04
1.135408282279968262e-01
-1.032188758254051208e-01
8.890458196401596069e-02
-8.275227248668670654e-02
1.483105719089508057e-01
3.607534989714622498e-02
2.955923415720462799e-02
-3.375497832894325256e-02
6.274060159921646118e-02
-5.182763189077377319e-02
-9.391164779663085938e-02
5.407346412539482117e-02
-8.993472903966903687e-02
-5.852860584855079651e-02
-9.859582036733627319e-02
1.306620240211486816e-01
7.935422658920288086e-02
9.895652532577514648e-02
-7.695211470127105713e-02
1.418527513742446899e-01
2.931284252554178238e-03
-1.449322998523712158e-01
1.864094473421573639e-02
9.590349346399307251e-02
-1.200295314192771912e-01
4.055942222476005554e-02
-1.424847841262817383e-01
1.027419697493314743e-02
-1.337169110774993896e-01
-1.279344689100980759e-02
1.122171618044376373e-02
1.466959267854690552e-01
-5.859952047467231750e-02
-1.073520779609680176e-01
-1.975599490106105804e-02
-1.467430870980024338e-02
1.468716263771057129e-01
-3.596430644392967224e-02
6.074513122439384460e-02
-2.688734419643878937e-02
2.030317112803459167e-02
-1.902074739336967468e-02
4.623658582568168640e-02
-1.246396154165267944e-01
-1.331271231174468994e-01
-1.411568671464920044e-01
1.603061147034168243e-02
8.727880567312240601e-02
-3.593099070712924004e-03
3.074154071509838104e-02
-1.195809245109558105e-01
1.017705649137496948e-01
1.198637485504150391e-01
-1.059701591730117798e-01
-9.956673532724380493e-02
-1.045779585838317871e-01
4.465221241116523743e-02
-7.884787395596504211e-03
1.824591122567653656e-02
-7.358457893133163452e-02
1.038329973816871643e-01
-1.247572600841522217e-01
6.562422215938568115e-02
1.362974047660827637e-01
7.776413112878799438e-02
-1.464638710021972656e-01
9.153102524578571320e-03
-1.872400753200054169e-02
-4.069769755005836487e-02
3.005111217498779297e-02
8.833581209182739258e-02
3.737958893179893494e-02
1.180129870772361755e-01
-3.864203020930290222e-02
3.800274804234504700e-02
-9.808629751205444336e-02
2.124962024390697479e-02
-3.243835177272558212e-03
-1.721787452697753906e-02
8.710692077875137329e-02
4.218238219618797302e-02
-1.048034727573394775e-01
1.392495334148406982e-01
5.269292369484901428e-02
-8.069632202386856079e-02
2.836530795320868492e-03
-6.982793565839529037e-03
-1.391610801219940186e-01
-3.680839762091636658e-02
6.108263507485389709e-03
-1.398141235113143921e-01
7.910601049661636353e-02
6.730291992425918579e-02
-4.411212727427482605e-02
-4.152945801615715027e-02
-1.375826746225357056e-01
-7.951739244163036346e-03
-8.984663523733615875e-03
1.750262640416622162e-02
8.074710518121719360e-02
-3.316635265946388245e-02
1.222872734069824219e-01
-4.188874363899230957e-02
9.159706532955169678e-02
1.150229051709175110e-01
7.081434875726699829e-02
2.657170593738555908e-02
7.694374769926071167e-02
-1.450693607330322266e-01
1.642753742635250092e-02
-5.907939746975898743e-02
2.321745082736015320e-02
1.172599270939826965e-01
-1.356572061777114868e-01
-3.230224177241325378e-02
2.267486974596977234e-02
-4.917059838771820068e-02
1.444701012223958969e-02
-3.359331190586090088e-02
-1.458522379398345947e-01
1.070750951766967773e-01
-2.492201700806617737e-02
-5.147717148065567017e-02
-8.065751940011978149e-02
-3.191640600562095642e-02
8.915773779153823853e-02
1.193967461585998535e-02
-9.982900321483612061e-02
-1.254218816757202148e-01
-1.182579696178436279e-01
1.632844470441341400e-02
1.156136691570281982e-01
8.592475950717926025e-02
-3.810528432950377464e-03
1.126461252570152283e-01
3.800556808710098267e-02
3.407786786556243896e-02
-1.320333033800125122e-01
-1.381371468305587769e-01
-5.273953825235366821e-02
5.958997458219528198e-02
-5.891563743352890015e-02
1.179164648056030273e-01
9.696758538484573364e-02
-2.689044922590255737e-02
9.366378933191299438e-02
4.727153480052947998e-02
-1.284362822771072388e-01
9.951364248991012573e-03
9.317485243082046509e-02
1.863592490553855896e-02
-8.566978573799133301e-02
-1.323436200618743896e-01
-7.428044080734252930e-02
1.067009195685386658e-01
-6.344784051179885864e-03
-6.825961917638778687e-02
1.272175312042236328e-01
1.198661327362060547e-01
3.961893916130065918e-02
-1.400441378355026245e-01
9.254420548677444458e-02
-1.040481845848262310e-03
5.655554588884115219e-03
-8.858169615268707275e-02
1.162735093384981155e-02
6.668077409267425537e-02
-9.087231755256652832e-02
3.731939196586608887e-02
3.347748890519142151e-02
7.222004979848861694e-02
7.236807048320770264e-02
3.656840696930885315e-02
9.085871279239654541e-02
-8.798169344663619995e-02
-4.606708511710166931e-02
-9.015737473964691162e-02
-2.250738441944122314e-02
2.052701776847243309e-03
-1.492945253849029541e-01
-4.672577604651451111e-02
4.881135653704404831e-03
-1.175492778420448303e-01
1.222798153758049011e-01
-5.252385977655649185e-03
8.628497272729873657e-02
-2.475007250905036926e-02
7.252421695739030838e-03
-6.312613189220428467e-02
-1.201466843485832214e-01
-6.154146417975425720e-02
1.170641556382179260e-01
3.082358464598655701e-02
-8.692399412393569946e-02
-1.031700223684310913e-01
-7.226031273603439331e-02
6.731809675693511963e-02
-1.354215294122695923e-01
5.819433555006980896e-02
-5.474111437797546387e-02
5.324074253439903259e-02
-1.269923746585845947e-01
-9.274443611502647400e-03
-8.364365249872207642e-02
-1.181253716349601746e-01
-1.397992670536041260e-02
2.052221819758415222e-02
1.489547342061996460e-01
1.382313817739486694e-01
-6.766039133071899414e-02
3.890495747327804565e-02
-9.064820408821105957e-02
9.804456681013107300e-02
-8.798452466726303101e-02
7.227031141519546509e-02
-5.922133848071098328e-02
-4.679904133081436157e-02
-1.439868062734603882e-01
1.490350812673568726e-02
-8.664713799953460693e-02
3.673041984438896179e-02
-7.955626398324966431e-02
-5.530140548944473267e-02
7.935557514429092407e-02
-8.572117239236831665e-02
4.606396332383155823e-02
8.672256767749786377e-02
8.109351992607116699e-02
-2.399031631648540497e-02
-4.391866922378540039e-02
3.988094627857208252e-02
-1.497359126806259155e-01
-1.035678908228874207e-01
6.815243512392044067e-02
-1.254666894674301147e-01
-3.846435248851776123e-02
9.617943316698074341e-02
-3.108286857604980469e-02
-5.421490874141454697e-03
-1.497719436883926392e-01
-3.536807745695114136e-02
1.217521205544471741e-01
-9.697566181421279907e-02
9.381461888551712036e-02
1.386174708604812622e-01
-5.256789550185203552e-02
-9.855479747056961060e-02
-1.308593451976776123e-01
-7.978013157844543457e-02
6.315690279006958008e-02
9.422865509986877441e-02
-1.413010954856872559e-01
8.592700958251953125e-02
1.434271782636642456e-01
9.164536744356155396e-02
-1.025515422224998474e-02
-6.709019094705581665e-02
5.120630934834480286e-02
-1.263118088245391846e-01
9.112066030502319336e-02
1.354555636644363403e-01
5.405350029468536377e-02
7.506986614316701889e-03
-4.515859112143516541e-02
7.154757529497146606e-02
-1.422095894813537598e-01
-1.190738230943679810e-01
1.406624214723706245e-03
-5.267632380127906799e-02
-8.589513599872589111e-02
1.492224168032407761e-03
2.672214526683092117e-03
-1.329560875892639160e-01
-1.459980607032775879e-01
-1.108438745141029358e-01
9.785911440849304199e-02
5.395025387406349182e-02
9.626889228820800781e-02
-1.197039410471916199e-01
-1.417774856090545654e-01
-3.685756400227546692e-02
-1.418361365795135498e-01
6.983499974012374878e-03
3.126871213316917419e-02
4.343951120972633362e-02
-1.281428635120391846e-01
-8.887863159179687500e-02
-6.152289360761642456e-02
8.951525390148162842e-02
1.129436269402503967e-01
-1.201073080301284790e-01
1.296546161174774170e-01
1.066521331667900085e-01
3.532971069216728210e-02
-2.178088948130607605e-02
-1.329103112220764160e-01
2.407921245321631432e-03
1.714812777936458588e-02
4.123488813638687134e-02
4.338068829383701086e-04
9.107511490583419800e-02
-1.193835586309432983e-01
-9.764178842306137085e-02
-9.893383830785751343e-02
1.280621588230133057e-01
-1.062093526124954224e-01
-7.474797964096069336e-02
-1.232083216309547424e-01
-9.573113173246383667e-02
-1.031615063548088074e-01
1.266798842698335648e-02
1.142701432108879089e-01
-4.126118868589401245e-02
-4.170553758740425110e-03
1.073201298713684082e-01
-1.484492123126983643e-01
9.626691788434982300e-02
-9.768703579902648926e-02
1.208429187536239624e-01
7.219861447811126709e-02
-5.353873223066329956e-02
9.137633442878723145e-02
6.409361958503723145e-02
-1.469003409147262573e-01
-4.552841931581497192e-02
-1.059736236929893494e-01
2.442578226327896118e-02
-7.549238950014114380e-02
-1.231808289885520935e-01
7.073330879211425781e-02
-4.159059748053550720e-02
4.472148604691028595e-03
-1.478698849678039551e-01
1.907652243971824646e-02
1.205016300082206726e-01
7.052623480558395386e-02
7.866314053535461426e-02
5.686334893107414246e-02
4.208339378237724304e-02
-7.228677719831466675e-02
1.076443940401077271e-01
-1.099114269018173218e-01
8.992134034633636475e-02
-9.473024308681488037e-02
4.071944952011108398e-02
7.277946919202804565e-02
-4.605083726346492767e-03
7.699236273765563965e-02
6.670784205198287964e-03
8.588559180498123169e-02
-7.706427574157714844e-02
-1.111238673329353333e-01
8.062110841274261475e-02
9.761359542608261108e-02
-6.628720462322235107e-02
-1.061030626296997070e-01
-2.321680635213851929e-02
-3.195753321051597595e-02
-6.126239150762557983e-02
-1.438553184270858765e-01
1.899646129459142685e-03
2.096995525062084198e-02
9.553568065166473389e-02
1.284994632005691528e-01
-6.235647480934858322e-03
1.416570544242858887e-01
-6.823755055665969849e-02
-8.096583187580108643e-02
1.250506937503814697e-01
-2.199874818325042725e-02
1.390356570482254028e-01
-8.965900540351867676e-02
2.393878065049648285e-02
-9.166474919766187668e-04
5.344693362712860107e-02
9.316640347242355347e-02
-7.979885488748550415e-02
-1.289304494857788086e-01
-1.492204368114471436e-01
-1.282136589288711548e-01
-5.230865254998207092e-02
6.906680017709732056e-02
-1.376098673790693283e-02
-5.330874398350715637e-02
9.964390099048614502e-02
1.287638992071151733e-01
1.095468774437904358e-01
-1.304418891668319702e-01
-6.909231096506118774e-02
-1.394131332635879517e-01
1.359445452690124512e-01
-9.901443868875503540e-02
1.440700888633728027e-01
9.463563561439514160e-02
4.189490899443626404e-02
-1.203396618366241455e-01
-5.744101852178573608e-02
-5.649164319038391113e-02
1.277692764997482300e-01
1.107309982180595398e-01
1.316100060939788818e-01
6.339969485998153687e-02
5.405573919415473938e-02
-3.234430402517318726e-02
6.388988345861434937e-02
1.276540160179138184e-01
1.287738792598247528e-02
1.116497889161109924e-01
-1.494628489017486572e-01
8.261641114950180054e-02
1.067097336053848267e-01
-1.128793135285377502e-01
-1.805206947028636932e-02
1.172187179327011108e-01
-3.256578696891665459e-03
-1.354066934436559677e-02
-1.255021840333938599e-01
2.700360119342803955e-02
-1.074070557951927185e-01
-1.104401946067810059e-01
-1.427841484546661377e-01
2.952855080366134644e-02
-7.877984642982482910e-02
7.967192679643630981e-02
-8.719246834516525269e-03
1.255488693714141846e-01
-1.482474505901336670e-01
9.682980366051197052e-03
-1.270399093627929688e-01
1.117458194494247437e-01
5.140281468629837036e-02
7.793688774108886719e-02
-1.390686184167861938e-01
1.169089227914810181e-01
9.887292981147766113e-03
-8.421842940151691437e-03
7.468236982822418213e-02
-5.169721692800521851e-02
-8.830991387367248535e-02
7.323705404996871948e-02
-1.112472116947174072e-01
1.101768091320991516e-01
-1.475307792425155640e-01
-1.173885092139244080e-01
-3.096173889935016632e-02
-5.576133355498313904e-02
-4.977508261799812317e-02
1.467346698045730591e-01
-5.201860144734382629e-02
-6.021976470947265625e-02
5.169756338000297546e-02
5.559675395488739014e-02
-8.313822001218795776e-02
9.031790494918823242e-02
1.332117766141891479e-01
1.228666156530380249e-01
1.867595687508583069e-02
-2.759462781250476837e-02
-4.469864815473556519e-02
1.301188021898269653e-01
-1.143390908837318420e-01
1.314709633588790894e-01
-7.885814458131790161e-02
2.544917166233062744e-02
1.173657327890396118e-01
1.221204474568367004e-01
1.356378346681594849e-01
-4.409409314393997192e-02
-4.114790260791778564e-02
-1.150725036859512329e-01
-6.794212758541107178e-02
2.862969785928726196e-02
-6.613437086343765259e-02
1.005406212061643600e-02
1.334908157587051392e-01
9.001141786575317383e-02
-9.564536064863204956e-02
-8.892371505498886108e-02
6.381454318761825562e-02
-8.286999166011810303e-02
-1.166554912924766541e-01
-1.322504580020904541e-01
9.383372217416763306e-02
-1.104160994291305542e-01
3.400911390781402588e-02
7.513048499822616577e-02
-1.216659247875213623e-01
1.243124157190322876e-01
5.303467065095901489e-02
-4.836198687553405762e-02
2.506588958203792572e-02
4.874334484338760376e-02
-1.015655919909477234e-01
-5.334055051207542419e-03
-4.353365302085876465e-02
3.998655453324317932e-02
1.457040291279554367e-02
1.713058911263942719e-02
-5.862930789589881897e-02
8.375810831785202026e-02
-4.082975536584854126e-02
1.292698085308074951e-01
-3.207689896225929260e-02
-5.471479892730712891e-02
-4.534067213535308838e-02
2.612137235701084137e-02
1.236210763454437256e-01
-1.406902521848678589e-01
1.297794431447982788e-01
-6.130497902631759644e-02
2.810993045568466187e-02
-4.930052161216735840e-02
-7.344461232423782349e-02
8.971313387155532837e-02
-2.349043637514114380e-02
1.450088769197463989e-01
-1.430984772741794586e-02
-1.000331267714500427e-01
-1.110830456018447876e-01
-1.492648273706436157e-01
-9.254297614097595215e-02
-8.868339657783508301e-02
8.140093833208084106e-02
1.199543997645378113e-01
-1.332025229930877686e-01
4.361290857195854187e-02
3.590170294046401978e-03
9.250505268573760986e-02
7.215713709592819214e-02
1.439760345965623856e-02
-8.203800022602081299e-02
-2.235342003405094147e-02
1.444721221923828125e-01
1.495438665151596069e-01
-1.023344025015830994e-01
1.443161964416503906e-01
4.519731551408767700e-02
9.459217637777328491e-02
7.941620051860809326e-02
-3.681129217147827148e-02
1.344340592622756958e-01
9.275884926319122314e-02
-1.231136992573738098e-01
-5.023877322673797607e-02
-1.491532176733016968e-01
1.312534660100936890e-01
1.156601458787918091e-01
8.153571188449859619e-02
1.018836256116628647e-02
-3.063188120722770691e-02
-1.127629056572914124e-01
-8.847434073686599731e-02
4.777088016271591187e-02
6.199052184820175171e-02
-7.615183293819427490e-02
1.492097824811935425e-01
-1.882977038621902466e-02
-1.256520748138427734e-01
-5.853949487209320068e-02
1.018710657954216003e-01
7.262642681598663330e-02
4.255802929401397705e-02
3.686779737472534180e-02
-1.074142009019851685e-02
3.076455369591712952e-02
8.852435648441314697e-02
6.970842927694320679e-02
-5.285035818815231323e-02
4.040352534502744675e-03
-7.817273586988449097e-02
-6.645397841930389404e-02
6.156891956925392151e-02
5.711045488715171814e-02
1.333984285593032837e-01
-2.781007625162601471e-02
4.014156386256217957e-02
8.357971906661987305e-02
-1.309920847415924072e-01
7.138320803642272949e-02
9.828214347362518311e-02
-7.390666753053665161e-02
1.135623753070831299e-01
5.897278711199760437e-02
5.563727393746376038e-02
-7.317204773426055908e-02
-3.749858587980270386e-02
1.148432418704032898e-01
8.869408816099166870e-02
1.474043130874633789e-01
2.256887219846248627e-02
-1.697082817554473877e-02
3.462351113557815552e-02
-7.055887579917907715e-02
1.163591742515563965e-01
-6.741522997617721558e-02
-1.162565592676401138e-02
1.191872432827949524e-01
-1.137334201484918594e-02
-1.315170377492904663e-01
-1.782379485666751862e-02
7.072028517723083496e-02
-4.197388887405395508e-03
-1.399005651473999023e-01
1.074201241135597229e-01
-9.907828271389007568e-02
2.982474118471145630e-02
4.266945645213127136e-02
2.900864183902740479e-02
1.272818148136138916e-01
8.655093610286712646e-02
-5.337154865264892578e-02
9.987943619489669800e-02
-1.083322763442993164e-01
1.582748256623744965e-02
-8.672694861888885498e-02
-3.457736223936080933e-02
-8.334045857191085815e-02
-3.776656836271286011e-02
-7.851394824683666229e-03
-3.879046812653541565e-02
5.579910241067409515e-03
1.706147380173206329e-02
4.800644144415855408e-02
-1.872394420206546783e-02
-1.282927840948104858e-01
1.425591409206390381e-01
-1.880242303013801575e-02
-1.007045879960060120e-01
7.849139720201492310e-02
-6.312510371208190918e-02
7.280386239290237427e-02
1.335908621549606323e-01
-6.366521120071411133e-02
8.153185248374938965e-02
-9.529462456703186035e-02
-1.181412041187286377e-01
-1.112446859478950500e-01
-1.410084515810012817e-01
-1.495633721351623535e-01
-4.877956584095954895e-02
1.029679626226425171e-01
2.324142865836620331e-02
1.353562921285629272e-01
-1.201789230108261108e-01
2.090606279671192169e-02
1.282249391078948975e-01
1.468149274587631226e-01
-1.963717490434646606e-02
1.033124327659606934e-01
1.437313854694366455e-01
-3.112749010324478149e-02
-1.084251627326011658e-01
1.501555554568767548e-02
-1.053879857063293457e-01
-1.026709750294685364e-01
9.533464163541793823e-02
-1.040836870670318604e-01
-2.932307682931423187e-02
2.209572494029998779e-02
6.091326475143432617e-02
1.426898986101150513e-01
1.716687157750129700e-02
1.468288898468017578e-01
-2.477273717522621155e-02
-4.668358713388442993e-02
1.449524015188217163e-01
-1.783903501927852631e-02
3.533074259757995605e-02
-1.347699612379074097e-01
-4.824944958090782166e-02
-1.445780247449874878e-01
-3.759910911321640015e-02
1.134074330329895020e-01
1.126097962260246277e-01
2.199798449873924255e-02
-8.111284673213958740e-02
-1.111206710338592529e-01
-7.704082876443862915e-02
-8.236756175756454468e-02
1.388630568981170654e-01
9.654970467090606689e-02
7.004660367965698242e-02
-5.433877464383840561e-03
1.482050865888595581e-01
1.071364209055900574e-01
-1.092528924345970154e-01
2.857112325727939606e-02
1.211177855730056763e-01
-1.251999661326408386e-02
-7.160273194313049316e-02
-2.250850573182106018e-02
5.698903277516365051e-02
9.538064710795879364e-03
-1.429166048765182495e-01
-6.479056179523468018e-02
-1.445324271917343140e-01
1.392950713634490967e-01
-1.449501961469650269e-01
-1.290162745863199234e-02
-1.327653229236602783e-01
-2.831137273460626602e-03
-9.643837809562683105e-02
-1.465719640254974365e-01
-5.020486563444137573e-02
1.153981834650039673e-01
5.281538516283035278e-02
-1.477914601564407349e-01
-8.860428631305694580e-02
-1.163856685161590576e-01
8.026367425918579102e-02
-4.472676292061805725e-02
-3.757045790553092957e-02
-7.348125427961349487e-02
-1.188884750008583069e-01
5.165622755885124207e-02
1.878860779106616974e-02
-8.149442821741104126e-02
-1.188757717609405518e-01
-8.026952855288982391e-03
1.171179637312889099e-01
-6.086071953177452087e-02
1.472999155521392822e-01
1.101698949933052063e-01
-8.830583840608596802e-02
9.687293320894241333e-03
-9.434518963098526001e-02
-5.731550604104995728e-02
4.317622631788253784e-02
-2.996701188385486603e-02
-1.374108642339706421e-01
1.058429554104804993e-01
1.236207634210586548e-01
1.112894434481859207e-02
8.634953945875167847e-02
-7.031119614839553833e-02
1.025039106607437134e-01
1.488296240568161011e-01
1.032471563667058945e-02
-1.177878528833389282e-01
-1.445980519056320190e-01
1.606083288788795471e-02
-1.382047384977340698e-01
-5.537127330899238586e-02
1.173999458551406860e-01
-3.649988397955894470e-02
2.334952168166637421e-02
-1.310312896966934204e-01
1.358810365200042725e-01
1.990818651393055916e-03
-7.484686374664306641e-02
-1.397554278373718262e-01
-1.236779689788818359e-01
-6.920626759529113770e-02
2.509024553000926971e-02
-3.283029794692993164e-02
-3.197559341788291931e-02
2.700670622289180756e-02
-8.682724088430404663e-02
-4.193114116787910461e-02
1.551077608019113541e-02
-1.012150719761848450e-01
-8.578924089670181274e-02
-9.943292289972305298e-02
1.463966369628906250e-01
