1.093511059880256653e-01
-1.385878771543502808e-01
-2.480999939143657684e-02
-1.855601221323013306e-01
2.782999277114868164e-01
-1.557827293872833252e-01
7.974913716316223145e-02
-6.350852549076080322e-02
2.595054507255554199e-01
6.987673789262771606e-02
-2.678357064723968506e-01
1.229843571782112122e-01
-2.642262279987335205e-01
2.512560188770294189e-01
-1.510901004076004028e-01
1.602077297866344452e-02
1.398642063140869141e-01
-1.888839602470397949e-01
2.534351348876953125e-01
-1.619606912136077881e-01
-8.603566884994506836e-02
7.050504535436630249e-02
-9.972723573446273804e-02
1.088667213916778564e-01
-1.499909162521362305e-01
-6.104152277112007141e-02
1.864017695188522339e-01
-1.915200501680374146e-01
1.081557273864746094e-01
1.752128303050994873e-01
5.570042994804680347e-04
-5.444312095642089844e-02
-2.354089319705963135e-01
2.121674567461013794e-01
-3.801035229116678238e-03
-3.252765834331512451e-01
-7.569747418165206909e-02
-1.602246463298797607e-01
-1.515654474496841431e-01
-3.386626392602920532e-02
-3.119874894618988037e-01
-1.003829017281532288e-01
-3.279504179954528809e-02
-1.520971357822418213e-01
-1.359683275222778320e-01
-3.862158656120300293e-01
-6.202059239149093628e-02
-2.800902165472507477e-02
-1.192814633250236511e-01
-2.834665961563587189e-02
5.913873016834259033e-02
2.103587053716182709e-02
1.086135879158973694e-01
-5.851409956812858582e-02
3.789278864860534668e-01
1.339279711246490479e-01
2.373600006103515625e-01
-1.007924005389213562e-01
-8.324863761663436890e-02
1.818792372941970825e-01
-1.407693326473236084e-01
-5.043971911072731018e-02
-3.134962171316146851e-03
-2.915862798690795898e-01
-1.067455708980560303e-01
1.027869293466210365e-03
2.063887426629662514e-03
-7.393785566091537476e-02
-3.489769101142883301e-01
-1.946225464344024658e-01
-2.054441422224044800e-01
1.343707591295242310e-01
-1.404556035995483398e-01
-7.873825728893280029e-02
1.217009574174880981e-01
1.528868377208709717e-01
1.382426917552947998e-01
5.671478435397148132e-02
2.288562357425689697e-01
4.976572096347808838e-02
2.975980341434478760e-01
2.643496990203857422e-01
1.511353552341461182e-01
-7.256201654672622681e-02
1.184327602386474609e-01
2.115656137466430664e-01
1.534183770418167114e-01
-5.187241360545158386e-02
-1.334971487522125244e-01
-2.942435741424560547e-01
9.628456085920333862e-03
2.197308689355850220e-01
-2.651587724685668945e-01
7.847162336111068726e-02
-3.066835105419158936e-01
9.836253523826599121e-02
2.308093905448913574e-01
-1.473541408777236938e-01
-6.494004279375076294e-02
-1.946827918291091919e-01
2.010082751512527466e-01
1.587450355291366577e-01
-9.316304326057434082e-02
8.420302718877792358e-02
2.268692255020141602e-01
2.477087825536727905e-01
1.326566338539123535e-01
-3.170302882790565491e-02
3.148230910301208496e-02
-1.031807959079742432e-01
1.633159816265106201e-01
-6.716269999742507935e-02
-5.435492843389511108e-03
-3.333858773112297058e-02
-5.591741576790809631e-02
2.293246537446975708e-01
9.862682968378067017e-02
-1.688972711563110352e-01
2.654432654380798340e-01
-1.334717422723770142e-01
2.754758298397064209e-01
4.415722191333770752e-02
-1.054245606064796448e-01
2.439630031585693359e-01
4.859173297882080078e-02
