-1.370780318975448608e-01
3.668199852108955383e-02
-7.593102008104324341e-02
-1.643169224262237549e-01
-7.967237383127212524e-02
-1.772815138101577759e-01
-1.573524624109268188e-02
1.705453544855117798e-01
-2.980548329651355743e-02
-9.713165462017059326e-03
1.322817653417587280e-01
-9.357061982154846191e-02
1.838679760694503784e-01
-4.321532323956489563e-02
-6.080184504389762878e-02
9.485499560832977295e-02
-7.878232747316360474e-02
5.918969959020614624e-02
1.388166695833206177e-01
5.795626714825630188e-02
1.831463128328323364e-01
1.483208388090133667e-01
1.774430871009826660e-01
-1.895481646060943604e-01
-4.441777244210243225e-02
-4.596811532974243164e-02
-9.158075600862503052e-02
-1.011263206601142883e-01
-8.095222525298595428e-03
-1.565782278776168823e-01
2.046909034252166748e-01
-6.818018853664398193e-02
-1.897169649600982666e-01
3.178945183753967285e-02
-2.118017077445983887e-01
7.877953350543975830e-02
-1.080941036343574524e-01
7.857131212949752808e-02
6.799395382404327393e-02
-8.405698835849761963e-02
-2.545804679393768311e-01
1.893246918916702271e-01
-1.026395559310913086e-01
3.977076709270477295e-02
1.103474050760269165e-01
-1.683446913957595825e-01
6.723257154226303101e-02
1.611962765455245972e-01
2.722231298685073853e-02
-1.693241596221923828e-01
-2.122422456741333008e-01
-2.564254915341734886e-03
1.741859614849090576e-01
1.679193526506423950e-01
-2.191367298364639282e-01
-7.209262996912002563e-02
-1.428940892219543457e-01
6.437325477600097656e-02
6.120067462325096130e-02
-8.295954018831253052e-02
1.183498725295066833e-01
1.694796681404113770e-01
8.380704373121261597e-02
-1.241554319858551025e-01
-1.397286206483840942e-01
1.416616439819335938e-01
-1.737327277660369873e-01
1.338737308979034424e-01
-6.922628730535507202e-02
-5.199741944670677185e-02
-9.456884115934371948e-03
-1.583670452237129211e-02
-1.492396444082260132e-01
-9.359388798475265503e-02
7.927990704774856567e-02
-1.854373961687088013e-01
-5.048689618706703186e-02
-2.358309477567672729e-01
2.407481819391250610e-01
1.245981529355049133e-01
-1.533544510602951050e-01
-2.619835734367370605e-01
-9.022658318281173706e-02
-2.228100895881652832e-01
-4.678603634238243103e-02
-1.832134835422039032e-02
7.139822840690612793e-02
-1.185181662440299988e-01
-1.185486018657684326e-01
1.015001535415649414e-01
1.940016001462936401e-01
2.359934300184249878e-01
-1.925642639398574829e-01
-1.602075099945068359e-01
-6.963092088699340820e-02
1.114217415452003479e-01
-1.861977018415927887e-02
2.734535634517669678e-01
2.052692323923110962e-01
-2.041967362165451050e-01
-4.177737981081008911e-02
-1.744203269481658936e-01
4.780480638146400452e-02
-1.850536912679672241e-01
-1.383483111858367920e-01
-4.257047548890113831e-02
-8.635985851287841797e-02
1.744478046894073486e-01
2.020802721381187439e-02
1.771751791238784790e-01
9.930358827114105225e-02
-1.594675481319427490e-01
1.310013383626937866e-01
1.533301174640655518e-01
-2.189104557037353516e-01
-2.157372236251831055e-01
1.665027290582656860e-01
9.229760617017745972e-02
-1.645653545856475830e-01
1.907382458448410034e-01
1.884156465530395508e-01
-1.783624142408370972e-01
1.253828853368759155e-01
1.128249093890190125e-01
1.232362166047096252e-01
8.705645799636840820e-02
6.715895980596542358e-02
-8.525673300027847290e-02
-4.513410478830337524e-02
1.157052293419837952e-01
2.026534378528594971e-01
6.819660961627960205e-02
1.209727004170417786e-01
-2.906219959259033203e-01
1.851150989532470703e-01
-2.035909444093704224e-01
-1.854782998561859131e-01
-1.964103281497955322e-01
-2.056839764118194580e-01
-1.057588607072830200e-01
1.059763804078102112e-01
-1.967393159866333008e-01
-6.233987212181091309e-02
-9.818322211503982544e-02
-6.557057797908782959e-02
8.747755736112594604e-02
1.370214074850082397e-01
1.352890208363533020e-02
2.079123407602310181e-01
-1.702605038881301880e-01
2.333078533411026001e-01
-2.143760323524475098e-01
-1.375598013401031494e-01
-9.396052360534667969e-02
-1.045270785689353943e-01
-1.426797807216644287e-01
-2.056013047695159912e-01
1.645898818969726562e-01
2.052336186170578003e-01
-1.132413838058710098e-02
2.178600877523422241e-01
-2.543140649795532227e-01
-1.372364908456802368e-01
-1.151282712817192078e-01
-4.754516296088695526e-03
-1.155586391687393188e-01
1.887930780649185181e-01
-9.009902924299240112e-02
1.503505855798721313e-01
1.861934661865234375e-01
-1.636472642421722412e-01
1.251088976860046387e-01
-2.087053358554840088e-01
8.037856966257095337e-02
6.807404756546020508e-02
1.674971543252468109e-02
-9.724609553813934326e-02
1.567873507738113403e-01
2.253958582878112793e-01
-1.177855506539344788e-01
1.793227493762969971e-01
1.496407091617584229e-01
-2.571660093963146210e-02
1.737894564867019653e-01
-2.233556956052780151e-01
-1.833431124687194824e-01
-1.664194762706756592e-01
1.604109816253185272e-02
7.214641198515892029e-03
2.335292547941207886e-01
7.381876558065414429e-02
-5.028675869107246399e-02
-9.950913488864898682e-02
-2.703241407871246338e-01
1.586736589670181274e-01
-1.811487972736358643e-01
9.160061180591583252e-02
-2.038309127092361450e-01
2.119151204824447632e-01
-7.240794599056243896e-02
1.627337932586669922e-01
4.274855367839336395e-03
9.781976789236068726e-02
-1.925388425588607788e-01
-7.409860938787460327e-02
2.048807293176651001e-01
2.978400141000747681e-02
1.739624887704849243e-01
-2.298115640878677368e-01
-1.949686855077743530e-01
8.164470642805099487e-02
-6.440927833318710327e-02
1.161068677902221680e-02
-1.892246454954147339e-01
1.407810002565383911e-01
2.678678631782531738e-01
2.342262770980596542e-03
-1.376273334026336670e-01
-2.104833126068115234e-01
8.429341763257980347e-02
6.356302648782730103e-02
1.245112866163253784e-01
1.566354185342788696e-01
-1.462023705244064331e-01
2.756904661655426025e-01
1.488038599491119385e-01
-1.022465154528617859e-01
-8.062394708395004272e-02
-1.828813105821609497e-01
-4.184003919363021851e-02
-1.773469746112823486e-01
-2.132933288812637329e-01
-1.961435228586196899e-01
-5.122641101479530334e-02
-7.804159820079803467e-02
8.968659490346908569e-02
-1.827659159898757935e-01
1.602547764778137207e-01
1.957846730947494507e-01
4.613946378231048584e-02
6.420367211103439331e-02
1.032910645008087158e-01
-9.912426583468914032e-03
7.015990559011697769e-03
-2.021287232637405396e-01
2.484679222106933594e-01
7.755849510431289673e-02
-1.668964922428131104e-01
6.266779452562332153e-02
1.668810844421386719e-01
-2.216505706310272217e-01
2.107138782739639282e-01
-1.083231810480356216e-02
-1.489675939083099365e-01
-1.972674578428268433e-01
-1.147372275590896606e-01
1.257595568895339966e-01
2.161826789379119873e-01
-3.867006860673427582e-03
-8.999135345220565796e-02
-1.035015657544136047e-01
-6.653819978237152100e-02
-3.005602769553661346e-02
-1.393510121852159500e-02
1.176566258072853088e-01
-1.311736404895782471e-01
1.161164119839668274e-01
-9.081425517797470093e-02
1.379596889019012451e-01
-2.304960191249847412e-01
-2.074207216501235962e-01
1.879360824823379517e-01
1.679693013429641724e-01
9.497844427824020386e-02
-7.791221141815185547e-02
5.249498784542083740e-02
-1.214784309267997742e-01
1.791277974843978882e-01
-2.051175385713577271e-01
-1.472062617540359497e-01
-1.158864423632621765e-01
1.538315713405609131e-01
1.423815637826919556e-01
-7.127454876899719238e-02
2.415999956429004669e-02
4.150771349668502808e-02
-2.108538597822189331e-01
-2.066307067871093750e-01
3.579936176538467407e-02
-1.463854163885116577e-01
8.991488069295883179e-02
-1.779811382293701172e-01
-1.133970618247985840e-01
-1.339278668165206909e-01
-1.631505414843559265e-02
1.801100224256515503e-01
1.803413480520248413e-01
-2.226485013961791992e-01
-5.567959696054458618e-02
-2.021044045686721802e-01
-1.222105622291564941e-01
1.840346008539199829e-01
2.383287549018859863e-01
-9.813098609447479248e-02
1.254751980304718018e-01
2.213320583105087280e-01
-1.025820821523666382e-01
-2.301601134240627289e-02
-1.641359478235244751e-01
-1.829969435930252075e-01
5.035165324807167053e-02
-6.972105056047439575e-02
1.217576935887336731e-01
-1.332570910453796387e-01
4.729495570063591003e-02
-1.289811581373214722e-01
1.641114950180053711e-01
8.573728054761886597e-02
-4.841330647468566895e-02
-1.111002191901206970e-01
-8.580236136913299561e-02
9.819270670413970947e-02
-2.430287450551986694e-01
1.784830242395401001e-01
1.652925461530685425e-01
-1.577233523130416870e-01
-9.083625860512256622e-03
-4.376146011054515839e-03
1.823920905590057373e-01
2.469220459461212158e-01
-1.856122761964797974e-01
1.504085510969161987e-01
2.179690077900886536e-02
1.782099753618240356e-01
1.642515510320663452e-01
1.548192948102951050e-01
-1.449717283248901367e-01
2.196915894746780396e-01
1.029081866145133972e-01
2.022424787282943726e-01
1.268878132104873657e-01
-3.786494024097919464e-03
-3.303439589217305183e-03
8.400388062000274658e-02
-2.508660554885864258e-01
2.036229670047760010e-01
-7.750760018825531006e-02
-1.507591456174850464e-01
-1.281269341707229614e-01
-2.538686394691467285e-01
-1.827209144830703735e-01
-5.591600015759468079e-02
-1.991964429616928101e-01
1.112388446927070618e-01
-7.672332227230072021e-02
-1.191364377737045288e-01
3.884653002023696899e-02
1.775943636894226074e-01
1.748109310865402222e-01
1.101879775524139404e-01
-1.381000429391860962e-01
2.453834377229213715e-02
1.776697486639022827e-01
1.853842139244079590e-01
2.026497125625610352e-01
1.557698100805282593e-01
-2.466744631528854370e-01
-2.409254312515258789e-01
-3.582111001014709473e-02
2.736642397940158844e-02
1.360898017883300781e-01
9.367667883634567261e-02
-2.107069045305252075e-01
1.602949798107147217e-01
-2.825613021850585938e-01
6.721851974725723267e-02
1.243004724383354187e-01
1.944521665573120117e-01
-2.175664752721786499e-01
-1.220946907997131348e-01
-1.488597095012664795e-01
2.061171382665634155e-01
-9.623624384403228760e-02
1.510208006948232651e-02
6.279698759317398071e-02
-2.888071164488792419e-02
2.106284648180007935e-01
-1.598101705312728882e-01
-1.041502431035041809e-01
-1.006782278418540955e-01
7.632479071617126465e-02
-1.279143095016479492e-01
-1.002539843320846558e-01
-1.988889575004577637e-01
1.186341941356658936e-01
8.553646504878997803e-02
1.304669976234436035e-01
2.226606160402297974e-01
1.323984712362289429e-01
-2.412601709365844727e-01
-8.719507604837417603e-03
-1.491348445415496826e-01
1.428638100624084473e-01
-9.670621715486049652e-03
1.618863642215728760e-01
2.044196426868438721e-02
-1.856741309165954590e-01
1.560457199811935425e-01
-1.891242563724517822e-01
-8.222255110740661621e-02
-9.607444517314434052e-03
-2.345104217529296875e-01
-2.557860873639583588e-02
1.188337728381156921e-01
-1.999344974756240845e-01
1.257391721010208130e-01
1.058552339673042297e-01
-1.800777763128280640e-01
-1.745713055133819580e-01
-1.255842000246047974e-01
1.481133699417114258e-01
1.043156832456588745e-01
2.191639840602874756e-01
-4.957291856408119202e-02
-1.963627487421035767e-01
1.250342428684234619e-01
-1.493540871888399124e-02
2.190162837505340576e-01
2.052340209484100342e-01
1.897353231906890869e-01
-1.138868555426597595e-02
-5.437031760811805725e-02
-2.476008236408233643e-02
9.591578692197799683e-02
-2.315873503684997559e-01
3.973028808832168579e-02
-2.254113182425498962e-02
-8.755276352167129517e-02
-1.265823245048522949e-01
2.505979835987091064e-01
1.759363114833831787e-01
2.158225774765014648e-01
-1.560334563255310059e-01
2.091657370328903198e-01
-9.813535958528518677e-02
6.124128028750419617e-02
1.458968073129653931e-01
-2.175897657871246338e-01
-1.846100240945816040e-01
7.987175136804580688e-03
-6.416981667280197144e-02
3.584884479641914368e-02
2.239186167716979980e-01
2.261430472135543823e-01
-5.666483193635940552e-02
-2.388193039223551750e-03
1.595359742641448975e-01
1.820542365312576294e-01
-2.141956090927124023e-01
-2.565079554915428162e-02
-2.354825586080551147e-01
1.506376564502716064e-01
-1.047380119562149048e-01
-6.784529983997344971e-02
-4.803792014718055725e-02
7.721332460641860962e-02
1.472790092229843140e-01
-1.479376405477523804e-01
1.425594538450241089e-01
-2.124311923980712891e-01
-6.030332297086715698e-03
1.082984656095504761e-01
-5.947953462600708008e-02
1.264321357011795044e-01
1.524718850851058960e-01
2.116691619157791138e-01
-8.596671372652053833e-02
1.228444501757621765e-01
2.741601318120956421e-02
-7.188981026411056519e-02
1.921350061893463135e-01
-2.338257431983947754e-01
-8.560576289892196655e-02
-6.834299769252538681e-03
-1.099195554852485657e-01
8.194817602634429932e-02
-6.157609447836875916e-02
1.172304525971412659e-01
1.975814253091812134e-01
-1.664353013038635254e-01
-2.033412009477615356e-01
-1.527913957834243774e-01
-1.659564226865768433e-01
2.239136546850204468e-01
-1.038776114583015442e-01
1.585384905338287354e-01
-1.023190990090370178e-01
-1.888629049062728882e-01
8.405804634094238281e-03
1.308689713478088379e-01
-9.641109034419059753e-03
-7.930055260658264160e-02
-1.842445582151412964e-01
-4.840585961937904358e-02
-1.960071772336959839e-01
1.171374469995498657e-01
-9.420785307884216309e-02
-1.186153143644332886e-01
-8.594915270805358887e-03
1.291020065546035767e-01
-1.596655696630477905e-01
-2.935887575149536133e-01
-1.257684379816055298e-01
-1.626869142055511475e-01
-4.710896313190460205e-02
5.792773142457008362e-02
-3.613426536321640015e-02
-7.077395915985107422e-02
1.890431344509124756e-01
2.267830371856689453e-01
1.859975233674049377e-02
-6.949282437562942505e-02
4.646406322717666626e-02
-1.951126009225845337e-01
-1.186544746160507202e-01
-1.267339736223220825e-01
1.115359887480735779e-01
-2.277456521987915039e-01
1.222888752818107605e-01
-8.440598845481872559e-03
-2.291285246610641479e-01
-1.356466263532638550e-01
-6.968425121158361435e-03
-9.153948724269866943e-02
2.313173711299896240e-01
-1.323385834693908691e-01
1.023481879383325577e-02
-1.038264110684394836e-01
-1.907428950071334839e-01
-2.218392491340637207e-01
4.986775666475296021e-02
-1.832921355962753296e-01
1.381808519363403320e-01
6.512744724750518799e-02
2.185435779392719269e-02
-2.375719547271728516e-01
-1.830687224864959717e-01
9.876143187284469604e-02
-1.180977448821067810e-01
-1.014524400234222412e-01
-1.066306084394454956e-01
1.664647310972213745e-01
1.209333352744579315e-02
5.716644227504730225e-02
-2.507674694061279297e-01
-1.068196669220924377e-01
2.370825409889221191e-01
-2.033158838748931885e-01
2.129465639591217041e-01
2.020804584026336670e-01
-8.322234265506267548e-03
-1.530920118093490601e-01
-1.734337061643600464e-01
7.768258452415466309e-02
-8.850436657667160034e-02
-2.165222913026809692e-01
5.675740167498588562e-02
3.578183799982070923e-02
3.445025533437728882e-02
-2.546118199825286865e-01
7.312721759080886841e-02
2.292685955762863159e-01
-2.420410662889480591e-01
-4.277585074305534363e-03
-2.650864422321319580e-01
1.404292732477188110e-01
1.142265051603317261e-01
-1.011263951659202576e-01
-2.472882121801376343e-01
-1.984572410583496094e-01
9.985754638910293579e-02
-9.846392273902893066e-02
2.972023561596870422e-02
-1.085454225540161133e-01
-2.129582464694976807e-01
-4.724138602614402771e-02
-1.083557158708572388e-01
-8.570073544979095459e-02
4.692638665437698364e-02
1.218873262405395508e-01
7.339814305305480957e-02
-9.424102306365966797e-02
-1.678987294435501099e-01
1.117833703756332397e-01
1.734149008989334106e-01
2.152680456638336182e-01
2.605071961879730225e-01
-7.322505861520767212e-02
1.120322048664093018e-01
7.846181094646453857e-02
1.624934673309326172e-01
7.403183728456497192e-02
1.630407124757766724e-01
1.918995678424835205e-01
-1.277416497468948364e-01
4.313908889889717102e-02
5.939947068691253662e-02
-1.992427408695220947e-01
-5.086128599941730499e-03
-7.650582492351531982e-02
2.007256001234054565e-01
4.948166012763977051e-02
8.710153400897979736e-02
-1.592360287904739380e-01
1.260388940572738647e-01
1.239383742213249207e-01
1.796846389770507812e-01
-1.176445260643959045e-01
-2.138326764106750488e-01
-9.110332280397415161e-02
-1.965003609657287598e-01
-2.205846756696701050e-01
1.902661174535751343e-01
2.047115862369537354e-01
-9.157831966876983643e-02
1.649060398340225220e-01
3.735124319791793823e-02
-9.103373438119888306e-02
8.897469192743301392e-02
2.073698043823242188e-01
-1.175698190927505493e-01
2.562649250030517578e-01
1.402121875435113907e-02
8.336956053972244263e-02
-4.154526069760322571e-02
1.862494796514511108e-01
-2.666247785091400146e-01
-2.086888402700424194e-01
-5.059558153152465820e-02
-1.851691752672195435e-01
5.337545648217201233e-02
7.525114715099334717e-02
6.519947946071624756e-02
1.199827194213867188e-01
1.692080944776535034e-01
-1.591208726167678833e-01
-4.617014154791831970e-02
-4.876750707626342773e-02
-1.335477530956268311e-01
-2.270406037569046021e-01
-2.439565509557723999e-01
-5.963746085762977600e-02
2.982568461447954178e-03
-1.935419887304306030e-01
1.893364787101745605e-01
-2.170470952987670898e-01
-8.499474823474884033e-02
1.757232397794723511e-01
9.333804249763488770e-02
5.700682848691940308e-02
-1.101331040263175964e-02
-1.285072118043899536e-01
1.230746954679489136e-01
-1.427713483572006226e-01
1.374042630195617676e-01
2.000194042921066284e-01
-5.814721807837486267e-02
-2.138772904872894287e-01
-1.912057846784591675e-01
1.793508976697921753e-01
1.918054968118667603e-01
8.354363590478897095e-02
2.439675182104110718e-01
-1.285045146942138672e-01
-3.740691393613815308e-02
2.174397855997085571e-01
-4.248024895787239075e-02
-6.783914566040039062e-02
-1.191761530935764313e-02
1.287449710071086884e-02
2.050323635339736938e-01
5.113115906715393066e-02
-1.338579654693603516e-01
-1.806521862745285034e-01
1.858966052532196045e-01
-7.512705028057098389e-02
1.163734048604965210e-01
-2.125511616468429565e-01
3.278414532542228699e-02
1.697904318571090698e-01
-3.113842383027076721e-02
2.702742516994476318e-01
2.220988124608993530e-01
-1.918149590492248535e-01
-2.731230109930038452e-02
1.047410368919372559e-01
-4.044578596949577332e-02
1.153153926134109497e-02
-3.193329870700836182e-01
1.886896193027496338e-01
-8.157511241734027863e-03
2.579104900360107422e-01
1.245478838682174683e-01
1.992747746407985687e-02
-2.129297852516174316e-01
-7.555423676967620850e-02
-8.279401808977127075e-02
-1.410982161760330200e-01
-1.105919182300567627e-01
7.455673813819885254e-02
8.142367750406265259e-02
6.061266176402568817e-03
-2.483151257038116455e-01
1.594893783330917358e-01
1.436249762773513794e-01
3.164156153798103333e-02
1.287814974784851074e-01
-1.779405921697616577e-01
-1.720425337553024292e-01
1.339243799448013306e-01
1.187049746513366699e-01
1.511226892471313477e-01
-1.449679434299468994e-01
-1.718036085367202759e-01
1.112989522516727448e-02
-7.193243503570556641e-02
8.291844278573989868e-02
2.676199674606323242e-01
-1.164016649127006531e-01
1.853489279747009277e-01
-7.357051968574523926e-02
-2.058687359094619751e-01
-1.726141721010208130e-01
1.902031451463699341e-01
4.415282234549522400e-02
9.781388938426971436e-02
-1.034508422017097473e-01
-1.688961535692214966e-01
1.931247860193252563e-01
-1.228027269244194031e-01
1.743123680353164673e-01
-6.979134678840637207e-02
-2.427697926759719849e-01
-1.276039630174636841e-01
-1.862621605396270752e-01
7.801716774702072144e-02
-8.331261575222015381e-02
-1.582995355129241943e-01
2.276135422289371490e-02
-2.092387378215789795e-01
-1.718993037939071655e-01
-2.485725469887256622e-02
1.981693655252456665e-01
1.226745694875717163e-01
1.543852388858795166e-01
-3.842064365744590759e-02
-2.509069740772247314e-01
-1.505147516727447510e-01
2.100978493690490723e-01
1.916081458330154419e-01
2.636962234973907471e-01
9.880003333091735840e-02
2.967520058155059814e-01
-6.607107073068618774e-02
1.452257484197616577e-01
2.727608755230903625e-02
3.461712598800659180e-02
1.308864206075668335e-01
-6.317508220672607422e-02
2.375631127506494522e-03
-5.758090689778327942e-02
1.953374147415161133e-01
-2.171677350997924805e-01
5.536720529198646545e-02
2.395421266555786133e-01
-2.134174406528472900e-01
1.897172331809997559e-01
7.910492271184921265e-02
3.023567423224449158e-02
1.173593923449516296e-01
7.845853269100189209e-02
-1.350551098585128784e-01
1.544880867004394531e-01
1.841623783111572266e-01
1.240171715617179871e-01
-2.351793646812438965e-01
9.056148678064346313e-02
-9.014679118990898132e-03
-1.784631907939910889e-01
-3.490318730473518372e-02
-2.013879120349884033e-01
-2.153244018554687500e-01
3.322059661149978638e-02
-8.553253859281539917e-02
1.803882867097854614e-01
-2.129913121461868286e-01
8.389623463153839111e-02
5.939660593867301941e-03
1.738877594470977783e-01
-1.418290776200592518e-04
-2.031242102384567261e-01
-1.502705514430999756e-01
-2.194243073463439941e-01
2.193847149610519409e-01
-6.181466951966285706e-02
-1.349320169538259506e-02
-1.521726995706558228e-01
1.595667004585266113e-01
-2.173673212528228760e-01
-1.204578056931495667e-01
-1.505475640296936035e-01
1.345312148332595825e-01
-2.375300973653793335e-01
-1.798279434442520142e-01
2.487879693508148193e-01
2.214479073882102966e-02
-7.981394976377487183e-02
-1.314409822225570679e-01
1.530166268348693848e-01
1.933776736259460449e-01
7.686166465282440186e-02
1.286824345588684082e-01
-1.945248618721961975e-02
1.622495800256729126e-01
2.124175280332565308e-01
-2.256130129098892212e-01
-5.393544211983680725e-02
1.142920330166816711e-01
-1.269108653068542480e-01
2.093180418014526367e-01
-1.014165133237838745e-01
-1.093025654554367065e-01
1.267887204885482788e-01
2.070521861314773560e-01
1.982578188180923462e-01
2.106235176324844360e-01
-6.622577458620071411e-02
-1.071146428585052490e-01
1.859737187623977661e-01
-2.750019729137420654e-01
-2.287257760763168335e-01
7.756281644105911255e-02
5.624571070075035095e-02
2.488956749439239502e-01
-1.118779648095369339e-03
-1.736940629780292511e-02
-6.589213013648986816e-02
-8.555063046514987946e-03
-2.187804579734802246e-01
-3.818911314010620117e-01
-3.866143152117729187e-02
-5.407103523612022400e-02
-2.687189877033233643e-01
-1.996302902698516846e-01
-1.104879006743431091e-01
2.539455592632293701e-01
-2.497559636831283569e-01
-8.541256189346313477e-02
-5.299866572022438049e-02
1.331097185611724854e-01
-1.416459828615188599e-01
-3.099252469837665558e-02
-1.192687004804611206e-01
-7.830666378140449524e-03
1.604478806257247925e-01
-1.143569871783256531e-01
-2.769901044666767120e-02
2.152129262685775757e-02
1.896756291389465332e-01
2.149077802896499634e-01
6.769037991762161255e-02
1.949546486139297485e-01
-4.621474817395210266e-02
-1.203117668628692627e-01
-1.102128997445106506e-02
-2.438432723283767700e-01
5.699796229600906372e-02
-2.298633456230163574e-01
1.577460905537009239e-03
-1.859920322895050049e-01
1.937681995332241058e-02
-2.024027854204177856e-01
-1.226272732019424438e-01
1.785683482885360718e-01
1.792264580726623535e-01
5.945865809917449951e-02
-1.979868263006210327e-01
1.196417734026908875e-01
6.941204518079757690e-02
2.068553864955902100e-01
1.977938115596771240e-01
2.632780671119689941e-01
-1.878607422113418579e-01
-1.167742311954498291e-01
-1.128117442131042480e-01
8.842254988849163055e-03
-2.897097170352935791e-01
1.839425265789031982e-01
-2.318653613328933716e-01
1.842201054096221924e-01
1.823731958866119385e-01
8.349043130874633789e-02
-6.929649412631988525e-02
2.005167454481124878e-01
1.339032500982284546e-01
-1.192486509680747986e-01
1.881211064755916595e-02
2.413983345031738281e-01
-1.405911296606063843e-01
-2.399103939533233643e-01
1.377591192722320557e-01
6.917729508131742477e-03
-3.072226233780384064e-02
6.068812310695648193e-02
-1.748479306697845459e-01
-1.634735763072967529e-01
-2.206157892942428589e-01
-1.746406555175781250e-01
-1.816964447498321533e-01
2.814054191112518311e-01
1.358875334262847900e-01
2.214008867740631104e-01
-6.977351754903793335e-02
1.400532573461532593e-01
-1.533106416463851929e-01
-3.298588842153549194e-02
8.460712432861328125e-02
-1.935798900376539677e-05
2.880861423909664154e-02
-2.318758666515350342e-01
8.746071904897689819e-02
-6.860768795013427734e-02
-2.839015983045101166e-02
-2.259107232093811035e-01
-7.165165245532989502e-02
-2.177544087171554565e-01
-4.090159386396408081e-02
-1.710810810327529907e-01
-1.367774456739425659e-01
1.524554472416639328e-02
-2.253991067409515381e-01
2.256441861391067505e-01
2.306719571352005005e-01
-1.054066047072410583e-01
1.834064126014709473e-01
-1.011591032147407532e-01
-1.940216571092605591e-01
1.393049508333206177e-01
-2.148959487676620483e-01
6.945538520812988281e-02
1.148923113942146301e-01
-1.213840171694755554e-01
1.496489346027374268e-01
7.760637253522872925e-02
-5.386279895901679993e-02
1.749504208564758301e-01
-8.335503935813903809e-02
-2.186590731143951416e-01
6.059981882572174072e-02
-1.997141540050506592e-01
-2.172697782516479492e-01
1.028374731540679932e-01
-1.153542622923851013e-01
-2.304385900497436523e-01
-3.711399063467979431e-02
-1.740001589059829712e-01
-1.592103391885757446e-02
-1.901107877492904663e-01
6.626567244529724121e-02
2.023115009069442749e-01
-9.523820877075195312e-02
7.283081859350204468e-02
-1.220550462603569031e-01
2.282959371805191040e-01
-1.403550384566187859e-03
-1.532633602619171143e-01
-6.880082935094833374e-02
1.036362349987030029e-01
2.144596278667449951e-01
-2.126191407442092896e-01
-1.094318553805351257e-01
4.924399033188819885e-02
1.021565794944763184e-01
-9.720344096422195435e-02
1.534267812967300415e-01
-1.094193980097770691e-01
-2.154357358813285828e-02
8.560684323310852051e-02
-1.660639643669128418e-01
2.025114446878433228e-01
-7.313335686922073364e-02
-1.255085878074169159e-02
-1.696931198239326477e-02
-1.890104264020919800e-01
1.515782773494720459e-01
4.702893272042274475e-02
-7.073143869638442993e-02
9.235773235559463501e-02
-2.154404222965240479e-01
2.180278003215789795e-01
