# Elapsed time   CPU (%)     Real (MB)   Virtual (MB)
       0.003        0.000    14987.992    22090.797
       1.005     1062.400    15830.980    22090.797
       2.006     2929.300    17464.762    23732.031
       3.008       31.900    17464.762    23732.031
       4.010      853.700    15831.105    22090.797
       5.011      252.600    15824.238    22090.797
       6.013        0.000    15824.238    22090.797
       7.014        0.000    15824.238    22090.797
       8.015        0.000    15824.238    22090.797
       9.016        0.000    15824.238    22090.797
      10.018        1.000    15824.238    22090.797
      11.020        0.000    15824.238    22090.797
      12.021        0.000    15824.238    22090.797
      13.023       33.900    15054.203    22090.797
      14.024     1531.700    15831.070    22090.797
      15.026     2427.100    17464.949    23732.031
      16.027       30.900    17464.949    23732.031
      17.029       31.000    14851.691    22090.797
      18.030      293.600    15830.070    22090.797
      19.032     3652.700    17464.289    23732.031
      20.033       31.000    17464.289    23732.031
      21.035       23.000    15823.098    22090.797
      22.036       65.900    15681.094    22090.797
      23.038     3573.800    16687.191    23732.031
      24.040      378.300    17465.785    23732.031
      25.041       28.000    15824.723    22090.797
      26.043       58.900    15554.586    22090.797
      27.044     3184.800    15831.105    22090.797
      28.046      699.900    17464.934    23732.031
      29.047       32.000    15823.816    22090.797
      30.049       71.900    15431.734    22090.797
      31.050     3226.000    15831.105    22090.797
      32.052      731.900    17464.895    23732.031
      33.053       33.900    16213.652    23732.031
      34.055       38.900    15215.504    22090.797
      35.056     2378.700    15831.105    22090.797
      36.057     1519.900    17465.008    23732.031
      37.059       32.000    17465.008    23732.031
      38.060       37.900    15024.363    22090.797
      39.061     1257.200    15831.105    22090.797
      40.063     2649.200    17465.520    23732.031
      41.064       30.000    17465.520    23732.031
      42.066       33.900    14863.926    22090.797
      43.067      408.400    15831.105    22090.797
      44.069     3590.300    17465.500    23732.031
      45.070       32.900    17465.512    23732.031
      46.072       21.000    15824.484    22090.797
      47.073       64.900    15655.883    22090.797
      48.075     3633.000    17067.234    23732.031
      49.077      225.600    17464.781    23732.031
      50.079       29.000    15823.711    22090.797
      51.080       46.900    15341.652    22090.797
      52.081     2933.800    15831.121    22090.797
      53.083      935.500    17465.262    23732.031
      54.085       34.900    16499.992    23732.031
      55.086     1080.500    16218.230    22484.695
      56.087        4.000    15824.492    22090.797
      57.089        1.000    15824.492    22090.797
      58.090        0.000    15824.492    22090.797
      59.092        0.000    15824.492    22090.797
      60.094        1.000    15824.492    22090.797
      61.095        0.000    15824.492    22090.797
      62.097        0.000    15824.492    22090.797
      63.098        1.000    15824.492    22090.797
      64.100        0.000    15824.492    22090.797
      65.101        0.000    15824.492    22090.797
      66.103        1.000    15824.492    22090.797
      67.105        0.000    15824.492    22090.797
      68.106        0.000    15824.492    22090.797
      69.108        0.000    15824.492    22090.797
      70.109        1.000    15824.492    22090.797
      71.111        0.000    15824.492    22090.797
      72.112        0.000    15824.492    22090.797
      73.114       48.900    15385.746    22195.105
      74.115     2658.200    15936.234    22195.852
      75.116     1613.600    17727.438    23993.520
      76.118       31.000    17727.438    23993.520
      77.119       36.000    14915.250    22195.852
      78.121      264.600    15933.602    22195.852
      79.122     3911.600    17727.066    23993.520
      80.124       34.000    17727.066    23993.520
      81.125       30.000    15929.414    22195.852
      82.127       56.900    15531.766    22195.602
      83.128     3416.100    15935.984    22195.602
      84.130      797.900    17725.090    23992.895
      85.131       33.000    17725.090    23992.895
      86.132       41.900    15074.559    22195.852
      87.134     1123.400    15936.234    22195.852
      88.135     3135.000    17726.008    23993.520
      89.137       31.000    17726.008    23993.520
      90.138       28.000    14733.012    22195.852
      91.140       66.900    15786.434    22195.852
      92.141     3519.700    16243.734    23993.520
      93.143      616.800    17725.977    23993.520
      94.145       35.900    15928.324    22195.852
      95.147       44.900    15344.535    22195.602
      96.148     2552.400    15935.984    22195.602
      97.150     1579.600    17726.383    23992.895
      98.151       30.000    17726.383    23992.895
      99.152       39.900    15034.512    22195.852
     100.154      859.800    15935.531    22195.852
     101.155     3245.900    17726.469    23993.520
     102.157       33.900    17726.469    23993.520
     103.159       34.900    14886.844    22195.852
     104.160       64.900    15930.852    22195.852
     105.161     4163.500    17727.484    23993.520
     106.163       32.000    17727.484    23993.520
     107.165       26.000    15929.867    22195.852
     108.166       68.900    15719.879    22195.602
     109.167     3504.000    15935.016    22195.602
     110.169      736.000    17726.898    23992.895
     111.170       36.900    15929.695    22195.602
     112.172       43.900    15326.047    22195.852
     113.172     2315.000    15936.234    22195.852
     114.174     1945.200    17725.996    23993.520
     115.175       31.000    17725.996    23993.520
     116.177       32.900    14817.629    22195.852
     117.178       67.900    15866.410    22195.852
     118.180     3819.000    16882.398    23993.520
     119.182      418.200    17726.734    23993.520
     120.183       34.900    15929.230    22195.852
     121.185       49.900    15410.410    22195.602
     122.186     2855.800    15935.984    22195.602
     123.188     1406.900    17725.922    23992.895
     124.189       33.000    17725.922    23992.895
     125.190       36.900    14938.496    22195.852
     126.192      422.400    15934.895    22195.852
     127.193     3793.400    17726.441    23993.520
     128.195       20.000    17726.441    23993.520
     129.196       25.000    15928.926    22195.852
     130.198       59.900    15560.152    22195.852
     131.199     3461.200    15936.219    22195.852
     132.201      793.800    17727.219    23993.520
     133.202       32.000    17727.219    23993.520
     134.204       42.900    15144.004    22195.602
     135.205     1244.200    15934.293    22195.602
     136.206     2937.800    17726.398    23992.895
     137.208       31.000    17726.398    23992.895
     138.209       25.000    15929.309    22195.602
     139.211       60.900    15626.012    22195.852
     140.213     3535.000    15935.176    22195.852
     141.214      738.000    17727.887    23993.520
     142.216       31.000    17727.887    23993.520
     143.217       34.900    15025.840    22195.852
     144.218      901.800    15932.941    22195.852
     145.220     3293.900    17726.316    23993.520
     146.222       32.900    17726.316    23993.520
     147.223       26.000    15928.887    22195.852
     148.225       56.900    15533.816    22195.602
     149.226     3466.100    15935.199    22195.602
     150.228      737.900    17726.277    23992.895
     151.229       32.900    17726.277    23992.895
     152.231       32.000    15000.629    22195.852
     153.232      706.000    15931.770    22195.852
     154.234     3364.000    17727.738    23993.520
     155.235       33.000    17727.738    23993.520
     156.236       19.000    15816.617    22195.852
     157.238       66.900    15726.492    22195.852
     158.239     4110.200    17672.234    23993.520
     159.241      145.800    17726.500    23993.520
     160.242       32.900    15929.074    22195.852
     161.243       45.900    15393.754    22195.602
     162.245     2743.100    15935.273    22195.602
     163.246     1420.700    17725.289    23992.895
     164.248       32.000    17725.289    23992.895
     165.249       31.000    14856.426    22195.852
     166.251       63.900    15911.910    22195.852
     167.252     4179.700    17727.512    23993.520
     168.254       32.000    17727.512    23993.520
     169.255       33.000    15929.887    22195.852
     170.257       59.900    15341.715    22195.852
     171.258     2557.200    15935.891    22195.852
     172.259     1702.300    17726.734    23993.520
     173.261       31.000    17726.734    23993.520
     174.263       25.000    14792.586    22195.852
     175.264       94.900    15758.039    22195.602
     176.266     3501.800    15935.758    22195.602
     177.267      725.000    17726.668    23992.895
     178.269       34.000    16741.918    23992.895
     179.270       49.900    15176.398    22195.852
     180.272     1579.700    15933.832    22195.852
     181.273     2756.900    17726.242    23993.520
     182.274       33.000    17726.242    23993.520
     183.276       23.000    15928.688    22195.852
     184.277       93.900    15643.703    22195.852
     185.279     3493.800    15935.715    22195.852
     186.280      771.800    17726.332    23993.520
     187.282       33.900    17726.332    23993.520
     188.283       45.900    15095.965    22195.602
     189.285     1167.300    15932.832    22195.602
     190.286     3102.200    17725.582    23992.895
     191.288       33.000    17725.582    23992.895
     192.289       27.000    15928.414    22195.602
     193.291       77.900    15531.531    22195.852
     194.292     3105.200    15935.773    22195.852
     195.294     1145.200    17727.395    23993.520
     196.295       31.000    17727.395    23993.520
     197.297       35.900    14867.762    22195.852
     198.298       97.900    15909.066    22195.852
     199.300     4129.300    17630.949    23993.520
     200.301      149.800    17727.180    23993.520
     201.303       34.000    15929.570    22195.852
     202.304       56.900    15317.164    22195.602
     203.305     2233.000    15933.715    22195.602
     204.307     2020.000    17726.727    23992.895
     205.308       30.000    17726.727    23992.895
     206.310       31.000    14744.059    21860.164
     207.311      750.900    15596.910    21860.164
     208.313     2504.100    16888.551    23154.395
     209.315       35.900    15594.410    21860.164
     210.316        0.000    15594.410    21860.164
     211.318        1.000    15594.410    21860.164
     212.319        0.000    15594.410    21860.164
     213.320        0.000    15594.410    21860.164
     214.322        1.000    15594.410    21860.164
     215.323        0.000    15594.410    21860.164
     216.325       21.000    14963.715    22195.852
     217.326      413.400    15931.148    22195.852
     218.327     3977.200    17726.051    23993.520
     219.329       18.000    17726.051    23993.520
     220.330       23.000    15928.422    22195.852
     221.331       48.900    15473.539    22195.852
     222.333     3223.400    15936.234    22195.852
     223.334     1132.400    17726.438    23993.520
     224.336       20.000    17726.438    23993.520
     225.337       42.900    14984.461    22195.602
     226.338      582.300    15930.609    22195.602
     227.340     3747.000    17725.535    23992.895
     228.341       32.000    17725.535    23992.895
     229.343       32.000    15928.301    22195.602
     230.344       64.900    15408.957    22195.852
     231.345     2760.300    15936.234    22195.852
     232.347     1542.700    17726.906    23993.520
     233.348       32.000    17726.906    23993.520
     234.350       37.900    14901.293    22195.852
     235.350      177.900    15929.770    22195.852
     236.352     4102.300    17697.004    23993.520
     237.353      128.800    17726.395    23993.520
     238.355       33.900    15928.918    22195.852
     239.356       62.900    15377.098    22195.602
     240.358     2726.100    15935.637    22195.602
     241.359     1566.700    17725.352    23992.895
     242.361       33.000    17725.352    23992.895
     243.362       36.900    14877.477    22195.852
     244.363      113.900    15928.320    22195.852
     245.365     4161.300    17726.020    23993.520
     246.366       66.900    17726.020    23993.520
     247.367       32.000    15928.602    22195.852
     248.369      291.600    15545.508    21812.141
     249.370     2788.600    16767.191    23034.348
     250.372       34.900    15545.109    21812.141
     251.373        0.000    15545.109    21812.141
     252.375        1.000    15545.109    21812.141
     253.376        0.000    15545.109    21812.141
     254.377        0.000    15545.109    21812.141
     255.379        1.000    15545.109    21812.141
     256.380        0.000    15545.109    21812.141
     257.382        5.000    14738.914    22247.883
     258.383       90.900    15758.562    22247.883
     259.385     3630.600    15988.316    22247.883
     260.386      834.700    17856.555    24123.582
     261.388       33.900    17856.555    24123.582
     262.389       48.900    15066.039    22247.883
     263.390      853.200    15985.844    22247.883
     264.392     3673.400    17856.520    24123.582
     265.393       32.900    17856.520    24123.582
     266.395       34.000    15981.039    22247.883
     267.396       67.900    15406.836    22247.883
     268.398     2592.200    15987.562    22247.883
     269.399     1910.000    17856.379    24123.582
     270.401       31.000    17856.379    24123.582
     271.403       24.000    15980.711    22247.883
     272.404       94.900    15676.695    22247.883
     273.405     3586.700    15988.074    22247.883
     274.407      854.700    17856.684    24123.582
     275.408       33.000    17856.684    24123.582
     276.410       40.900    14951.074    22247.883
     277.410      131.000    15981.035    22247.883
     278.412     4113.300    17222.824    24123.582
     279.414      300.400    17856.012    24123.582
     280.415       35.000    15980.547    22247.883
     281.417       59.900    15295.227    22247.883
     282.418     1963.300    15986.488    22247.883
     283.420     2547.000    17855.930    24123.582
     284.421       32.000    17855.930    24123.582
     285.422       29.000    15980.469    22247.883
     286.424       78.900    15510.680    22247.883
     287.425     3025.500    15986.848    22247.883
     288.427     1457.900    17857.090    24123.582
     289.428       33.000    17857.090    24123.582
     290.429       41.900    14903.594    21847.660
     291.430     2032.000    15586.758    21847.660
     292.432     1170.200    16856.750    23123.137
     293.433       29.000    15581.328    21847.660
     294.435        1.000    15581.328    21847.660
     295.436        0.000    15581.328    21847.660
     296.438        0.000    15581.328    21847.660
     297.439        1.000    15581.328    21847.660
     298.441        0.000    15581.328    21847.660
     299.442       62.900    15372.285    22247.883
     300.444     2327.500    15988.273    22247.883
     301.445     2137.600    17857.711    24123.582
     302.447       33.900    17857.711    24123.582
     303.448       23.000    15653.598    22247.883
     304.450       94.900    15734.105    22247.883
     305.451     3631.100    15988.270    22247.883
     306.452      832.800    17857.082    24123.582
     307.454       34.000    17857.082    24123.582
     308.455       45.900    15024.094    22247.883
     309.457      529.300    15983.086    22247.883
     310.458     3970.600    17858.141    24123.582
     311.460       32.000    17858.141    24123.582
     312.461       33.900    15982.555    22247.883
     313.463       59.900    15309.609    22247.883
     314.464     2015.000    15986.918    22247.883
     315.466     2461.100    17856.504    24123.582
     316.467       32.900    17856.504    24123.582
     317.471       24.900    15980.969    22247.883
     318.472       86.900    15643.438    22247.883
     319.474     3674.500    15986.840    22247.883
     320.475      879.600    17856.684    24123.582
     321.477       33.000    17856.684    24123.582
     322.478       35.000    14881.598    22247.883
     323.480       99.900    15930.637    22247.883
     324.481     3945.300    16552.668    24123.582
     325.483      543.000    17856.426    24123.582
     326.485       32.000    17196.316    24123.582
     327.486       50.900    15166.668    22247.883
     328.488     1208.400    15984.574    22247.883
     329.489     3373.100    17856.695    24123.582
     330.490       32.000    17856.695    24123.582
     331.492       30.000    15981.043    22247.883
     332.493      431.400    15581.715    21847.660
     333.495     2679.700    16856.551    23123.137
     334.497       35.900    15581.086    21847.660
     335.498        1.000    15581.086    21847.660
     336.500        0.000    15581.086    21847.660
     337.501        0.000    15581.086    21847.660
     338.503        1.000    15581.086    21847.660
     339.504        0.000    15581.086    21847.660
     340.505        0.000    15581.086    21847.660
     341.507        1.000    15581.086    21847.660
     342.508       42.900    15139.754    22247.883
     343.510      763.000    15985.883    22247.883
     344.511     3694.300    17856.852    24123.582
     345.513       31.900    17856.852    24123.582
     346.514       31.000    15981.352    22247.883
     347.516       73.900    15433.703    22247.883
     348.517     2717.000    15986.691    22247.883
     349.519     1738.200    17855.691    24123.582
     350.521       33.000    17855.691    24123.582
     351.522       32.000    14798.617    22247.883
     352.523       95.900    15855.906    22247.883
     353.525     3770.900    15988.445    22247.883
     354.526      768.800    17856.059    24123.582
     355.527       33.000    17856.059    24123.582
     356.529       44.900    15068.621    22247.883
     357.530      600.200    15986.168    22247.883
     358.532     3957.700    17856.738    24123.582
     359.533       31.900    17856.738    24123.582
     360.535       32.000    15981.070    22247.883
     361.536       63.900    15377.734    22247.883
     362.538     2420.600    15987.785    22247.883
     363.539     2011.800    17856.367    24123.582
     364.541       32.000    17856.367    24123.582
     365.542       24.000    15488.297    22247.883
     366.544       80.900    15748.250    22247.883
     367.545     3695.700    15985.992    22247.883
     368.547      769.800    17857.566    24123.582
     369.548       31.900    17857.566    24123.582
     370.550       38.900    15094.852    22247.883
     371.551      853.800    15982.480    22247.883
     372.553     3562.400    17857.246    24123.582
     373.554       32.900    17857.246    24123.582
     374.556       30.900    15981.660    22247.883
     375.558       57.900    15579.934    21847.660
     376.559     3023.800    16856.156    23123.137
     377.561       27.000    15580.824    21847.660
     378.562        0.000    15580.824    21847.660
     379.564        7.000    14761.281    22247.883
     380.565       63.900    15782.734    22247.883
     381.566     3588.900    15981.047    22247.883
     382.568      745.900    17856.984    24123.582
     383.569       35.000    16872.223    24123.582
     384.571       44.900    15244.078    22147.824
     385.572     2244.800    15881.391    22147.824
     386.574     1816.200    17607.160    23873.465
     387.575       33.000    17607.160    23873.465
     388.577        8.000    15881.555    22147.824
     389.578        0.000    15881.555    22147.824
     390.580        1.000    15881.555    22147.824
     391.581        0.000    15881.555    22147.824
     392.583        0.000    15881.555    22147.824
     393.584       27.000    15069.676    22247.883
     394.585      837.800    15983.207    22247.883
     395.587     3547.700    17856.215    24123.582
     396.588       33.000    17856.215    24123.582
     397.590       23.000    15980.629    22247.883
     398.591       67.900    15710.129    22247.883
     399.593     3866.100    16639.168    24123.582
     400.595      515.100    17856.895    24123.582
     401.596       34.900    15981.230    22247.883
     402.598       38.900    15253.887    22247.883
     403.599     1711.500    15987.336    22247.883
     404.601     2815.600    17856.508    24123.582
     405.603       28.000    17856.508    24123.582
     406.604       27.000    15980.820    22247.883
     407.606       65.900    15681.188    22047.770
     408.607     3690.900    17356.441    23623.355
     409.608       32.000    17356.441    23623.355
     410.610       22.000    15780.883    22047.770
     411.611        0.000    15780.883    22047.770
     412.613        0.000    15780.883    22047.770
     413.614       33.000    15143.309    22247.883
     414.616     1124.400    15984.797    22247.883
     415.617     3207.300    17855.746    24123.582
     416.619       19.000    17855.746    24123.582
     417.620       19.000    15601.449    22247.883
     418.621       66.900    15721.895    22247.883
     419.623     3542.900    15988.445    22247.883
     420.624      802.900    17856.039    24123.582
     421.626       31.000    17856.039    24123.582
     422.627       39.900    15083.562    22247.883
     423.629      733.000    15983.426    22247.883
     424.630     3796.000    17857.316    24123.582
     425.632       30.900    17857.316    24123.582
     426.634       32.900    15981.840    22247.883
     427.635       48.900    15403.512    22047.770
     428.637     3030.800    15786.805    22047.770
     429.638      680.000    17356.059    23623.355
     430.639       34.000    15780.500    22047.770
     431.641        0.000    15780.500    22047.770
     432.642        0.000    15780.500    22047.770
     433.643        0.000    15780.500    22047.770
     434.645        1.000    15780.500    22047.770
     435.646        0.000    15780.500    22047.770
     436.648        0.000    15780.500    22047.770
     437.649       39.900    15120.238    22247.883
     438.651      908.600    15985.348    22247.883
     439.652     3665.200    17856.945    24123.582
     440.654       32.000    17856.945    24123.582
     441.655       32.000    15981.273    22247.883
     442.657       66.900    15409.648    22247.883
     443.658     2576.500    15988.312    22247.883
     444.660     1897.000    17856.012    24123.582
     445.662       31.000    17856.012    24123.582
     446.663       23.000    15450.105    22247.883
     447.665       92.900    15736.004    22247.883
     448.666     3596.500    15988.445    22247.883
     449.668      795.800    17856.730    24123.582
     450.669       31.000    17856.730    24123.582
     451.671       50.900    15083.180    22047.770
     452.672     1931.100    15786.484    22047.770
     453.674     1794.200    17357.133    23623.355
     454.675       29.000    17357.133    23623.355
     455.677       12.000    15781.641    22047.770
     456.678        0.000    15781.641    22047.770
     457.680        0.000    15781.641    22047.770
     458.681       67.900    15425.598    22247.883
     459.683     2602.100    15987.250    22247.883
     460.684     1770.200    17856.816    24123.582
     461.686       30.000    17856.816    24123.582
     462.688       22.000    15981.285    22247.883
     463.689       91.900    15709.238    22247.883
     464.690     3578.200    15987.734    22247.883
     465.693      791.100    17856.648    24123.582
     466.694       31.900    17856.648    24123.582
     467.696       43.900    15014.066    22247.883
     468.697      428.400    15983.953    22247.883
     469.698     3938.200    17856.379    24123.582
     470.700       32.000    17856.379    24123.582
     471.701       32.900    15980.914    22247.883
     472.703       59.900    15363.398    22047.770
     473.704     3028.400    15788.285    22047.770
     474.706      698.900    17355.730    23623.355
     475.708       33.900    15780.230    22047.770
     476.709        1.000    15780.230    22047.770
     477.710        0.000    15780.230    22047.770
     478.712        0.000    15780.230    22047.770
     479.714        0.000    15780.230    22047.770
     480.715        1.000    15780.230    22047.770
     481.717        0.000    15780.230    22047.770
     482.718       28.000    14967.344    22247.883
     483.720      359.500    15980.289    22247.883
     484.721     4073.600    17856.887    24123.582
     485.723       31.000    17856.887    24123.582
     486.724       34.900    15981.336    22247.883
     487.726       56.900    15309.938    22247.883
     488.727     1949.100    15984.883    22247.883
     489.729     2473.100    17856.055    24123.582
     490.731       30.000    17856.055    24123.582
     491.732       25.000    15980.523    22247.883
     492.734       72.900    15589.883    22247.883
     493.735     3557.000    15988.203    22247.883
     494.736      907.600    17858.012    24123.582
     495.738       33.000    17858.012    24123.582
     496.739       36.900    14979.973    22047.770
     497.741     1053.500    15783.117    22047.770
     498.742     2742.600    17355.242    23623.355
     499.744       32.900    17355.242    23623.355
     500.746       15.000    15779.730    22047.770
     501.747       27.000    15049.859    22197.855
     502.748      899.700    15935.715    22197.855
     503.750     3451.400    17731.828    23998.527
     504.752       32.900    17731.828    23998.527
     505.753       27.000    15931.223    22197.855
     506.755        0.000    15931.223    22197.855
     507.756        0.000    15931.223    22197.855
     508.758        1.000    15931.223    22197.855
     509.759       60.900    15615.102    22247.883
     510.761     3567.800    15987.793    22247.883
     511.762      875.800    17856.578    24123.582
     512.763       31.000    17856.578    24123.582
     513.765       48.900    15169.012    21547.492
     514.766     2073.700    16106.410    22372.801
     515.768       18.000    15281.105    21547.492
     516.770        1.000    14902.277    21547.492
     517.771       65.900    15742.965    22247.883
     518.772     3572.900    15988.445    22247.883
     519.774      806.900    17856.352    24123.582
     520.775       32.000    17856.352    24123.582
     521.777      184.700    15280.293    21547.492
     522.778     1941.100    16106.324    22372.801
     523.780       13.000    15281.020    21547.492
     524.781        0.000    15281.020    21547.492
     525.783        0.000    15281.020    21547.492
     526.785        0.000    15281.020    21547.492
     527.786       52.900    15532.504    22247.883
     528.787     3274.400    15987.402    22247.883
     529.789     1191.300    17857.441    24123.582
     530.790       33.000    17857.441    24123.582
     531.792       57.900    15184.695    21547.492
     532.793     1973.000    16106.375    22372.801
     533.795       12.000    15281.070    21547.492
     534.796       21.000    14918.445    22247.883
     535.797       88.900    15948.664    22247.883
     536.799     4336.700    17857.836    24123.582
     537.800       67.900    17857.836    24123.582
     538.802       33.900    15982.223    22247.883
     539.803     1600.500    15284.523    21547.492
     540.805      497.300    16105.930    22372.801
     541.806        5.000    15280.625    21547.492
     542.808        1.000    15280.625    21547.492
     543.809        0.000    15280.625    21547.492
     544.811       10.000    14802.758    22247.883
     545.812       63.900    15856.438    22247.883
     546.814     3606.800    15988.445    22247.883
     547.815      741.000    17855.137    24123.582
     548.816       25.000    16036.973    24123.582
     549.818     1102.400    15279.117    21547.492
     550.819      999.400    16107.211    22372.801
     551.821        7.000    15281.906    21547.492
     552.823       31.000    15129.914    22247.883
     553.824     1055.500    15985.668    22247.883
     554.826     3361.100    17857.348    24123.582
     555.827       32.000    17857.348    24123.582
     556.828       37.000    14776.746    21547.492
     557.829     1966.000    16106.543    22372.801
     558.831       25.000    15281.238    21547.492
     559.833        0.000    15281.238    21547.492
     560.834        1.000    15281.238    21547.492
     561.835        0.000    15281.238    21547.492
     562.837       33.900    15074.074    22247.883
     563.838      704.900    15983.574    22247.883
     564.840     3762.100    17857.504    24123.582
     565.842       31.900    17857.504    24123.582
     566.843       19.000    17857.504    24123.582
     567.845       29.000    14887.574    21547.492
     568.846     1645.800    15287.766    21547.492
     569.847      423.300    16105.340    22372.801
     570.849       16.000    15280.035    21547.492
     571.851        1.000    15280.035    21547.492
     572.852       38.900    15164.137    22247.883
     573.854       46.900    15724.879    22247.883
     574.855     3064.600    15988.082    22247.883
     575.857     1288.000    17856.523    24123.582
     576.858       18.000    17856.523    24123.582
     577.859       18.000    17856.523    24123.582
     578.861       21.000    15980.996    22247.883
     579.862       45.900    15228.129    21547.492
     580.863     2028.000    16106.211    22372.801
     581.865       19.000    16106.211    22372.801
     582.866        6.000    15281.055    21547.492
     583.868        0.000    15281.055    21547.492
     584.869        0.000    15281.055    21547.492
     585.871        1.000    15281.055    21547.492
     586.872        0.000    15281.055    21547.492
     587.874        1.000    15034.867    21547.492
     588.875       47.900    15284.008    22247.883
     589.877       47.900    15844.750    22247.883
     590.879     3608.800    15988.332    22247.883
     591.880      773.800    17856.973    24123.582
     592.882       20.000    17856.973    24123.582
     593.883       18.000    17856.973    24123.582
     594.885       20.000    15981.320    22247.883
     595.886       42.900    15178.180    22147.824
     596.888       46.900    15738.406    22147.824
     597.889     3356.200    15887.781    22147.824
     598.891      725.900    17606.668    23873.465
     599.892       19.000    17606.668    23873.465
     600.894       20.000    17606.668    23873.465
     601.895       13.000    15881.180    22147.824
     602.897        0.000    15881.180    22147.824
     603.898       35.900    15099.207    22247.883
     604.900       47.900    15665.363    22247.883
     605.901     2449.700    15986.613    22247.883
     606.902     2017.100    17855.711    24123.582
     607.904       19.000    17855.711    24123.582
     608.905       19.000    17855.711    24123.582
     609.907       21.000    16908.836    24123.582
     610.908       32.000    14989.637    22147.824
     611.910       46.900    15550.637    22147.824
     612.911     2325.900    15881.059    22147.824
     613.912     1755.400    17607.406    23873.465
     614.914       19.000    17607.406    23873.465
     615.915       20.000    17607.406    23873.465
     616.916       19.000    15881.801    22147.824
     617.918        1.000    15881.801    22147.824
     618.919        0.000    15881.801    22147.824
     619.921        0.000    15881.801    22147.824
     620.922        1.000    15881.801    22147.824
     621.924        0.000    15881.801    22147.824
     622.925        0.000    15881.801    22147.824
     623.927       38.900    15133.344    22247.883
     624.928       47.900    15694.602    22247.883
     625.930     2728.000    15984.742    22247.883
     626.931     1711.300    17856.664    24123.582
     627.933       19.000    17856.664    24123.582
     628.934       27.000    17856.664    24123.582
     629.935       40.900    14957.059    22147.824
     630.937      749.000    15881.145    22147.824
     631.938     3461.800    17606.867    23873.465
     632.940       33.000    17606.867    23873.465
     633.941       24.000    15881.262    22147.824
     634.943        1.000    15881.262    22147.824
     635.944       45.900    15320.492    22247.883
     636.945     2142.100    15984.734    22247.883
     637.947     2365.600    17857.418    24123.582
     638.948       31.000    17857.418    24123.582
     639.949       26.000    15981.809    22247.883
     640.951       84.900    15643.246    22147.824
     641.952     3373.100    15881.723    22147.824
     642.954      723.900    17606.680    23873.465
     643.955       34.900    15881.078    22147.824
     644.957        1.000    15881.078    22147.824
     645.958        0.000    15881.078    22147.824
     646.960        0.000    15881.078    22147.824
     647.961        0.000    15881.078    22147.824
     648.963        1.000    15881.078    22147.824
     649.964        0.000    15881.078    22147.824
     650.966       47.900    15218.215    22247.883
     651.967     1603.800    15982.258    22247.883
     652.969     2831.800    17857.652    24123.582
     653.970       32.000    17857.652    24123.582
     654.972       28.000    15982.066    22247.883
     655.973       77.900    15523.363    22147.824
     656.974     3252.600    15881.980    22147.824
     657.976      735.900    17606.340    23873.465
     658.977       36.900    16659.305    23873.465
     659.979       20.000    14847.395    21597.520
     660.980     2266.300    16231.176    22497.855
     661.982       32.000    15330.988    21597.520
     662.983        0.000    15330.988    21597.520
     663.985        0.000    15330.988    21597.520
     664.987        1.000    15330.988    21597.520
     665.988        5.000    14742.766    22047.770
     666.989       65.900    15777.625    22047.770
     667.991     3715.800    17356.383    23623.355
     668.992       34.000    17356.383    23623.355
     669.993       19.000    15780.984    22047.770
     670.994       24.000    14956.754    22047.770
     671.996     1273.200    15786.922    22047.770
     672.997     2508.300    17355.797    23623.355
     673.999       32.000    17355.797    23623.355
     675.000       14.000    15780.238    22047.770
     676.001        0.000    15780.238    22047.770
     677.003        0.000    15780.238    22047.770
     678.004        1.000    15780.238    22047.770
     679.006       11.000    14789.461    22047.770
     680.007      417.400    15782.691    22047.770
     681.009     3397.600    17357.168    23623.355
     682.011       32.000    17357.168    23623.355
     683.012       19.000    15781.594    22047.770
     684.013       27.000    14960.973    22047.770
     685.014     1305.900    15781.590    22047.770
     686.016     2431.300    17356.566    23623.355
     687.017       30.000    17356.566    23623.355
     688.019       15.000    15781.016    22047.770
     689.020        0.000    15781.016    22047.770
     690.022        1.000    15781.016    22047.770
     691.023        0.000    15781.016    22047.770
     692.025        0.000    15781.016    22047.770
     693.026       90.900    15661.129    22047.770
     694.028     3718.600    17357.289    23623.355
     695.029       58.900    17357.289    23623.355
     696.031       24.000    15781.797    22047.770
     697.032       13.000    14812.418    22047.770
     698.034      510.300    15783.352    22047.770
     699.035     3260.900    17357.406    23623.355
     700.037       32.000    17357.406    23623.355
     701.038       19.000    15781.855    22047.770
     702.040        0.000    15781.855    22047.770
     703.041        1.000    15781.855    22047.770
     704.043        0.000    15781.855    22047.770
     705.044        0.000    15781.855    22047.770
     706.046        0.000    15781.855    22047.770
     707.047        0.000    15781.855    22047.770
     708.049        1.000    15781.855    22047.770
     709.050        0.000    15781.855    22047.770
     710.051        0.000    15781.855    22047.770
     711.053        0.000    15781.855    22047.770
     712.054        0.000    15781.855    22047.770
     713.056        1.000    15781.855    22047.770
     714.057        0.000    15781.855    22047.770
     715.058        0.000    15781.855    22047.770
     716.061        1.000    15781.855    22047.770
     717.062        0.000    15781.855    22047.770
     718.064        0.000    15781.855    22047.770
     719.065        1.000    15781.855    22047.770
     720.066        0.000    15781.855    22047.770
     721.068        0.000    15781.855    22047.770
     722.070        1.000    15781.855    22047.770
     723.071        0.000    15781.855    22047.770
     724.073        0.000    15781.855    22047.770
     725.074       49.900    15216.727    22247.883
     726.075     1298.300    15985.008    22247.883
     727.077     3179.000    17857.250    24123.582
     728.078       31.000    17857.250    24123.582
     729.080       29.000    15981.566    22247.883
     730.081       70.900    15438.043    22247.883
     731.083     2662.000    15988.113    22247.883
     732.084     1771.200    17857.605    24123.582
     733.086       32.000    17857.605    24123.582
     734.087       22.000    15981.930    22247.883
     735.089       94.900    15663.992    22247.883
     736.090     3549.700    15988.105    22247.883
     737.091      800.800    17856.797    24123.582
     738.093       31.000    17856.797    24123.582
     739.095     1042.400    16355.699    22629.355
     740.096        9.000    15980.801    22247.883
     741.098        1.000    15980.801    22247.883
     742.099        0.000    15980.801    22247.883
     743.101        1.000    15980.801    22247.883
     744.102        0.000    15980.801    22247.883
     745.104        0.000    15980.801    22247.883
     746.105        0.000    15980.801    22247.883
     747.107        1.000    15980.801    22247.883
     748.108       28.000    16012.746    22281.512
     749.110       93.900     7635.348    14162.809
