# Elapsed time   CPU (%)     Real (MB)   Virtual (MB)
       0.006        0.000     9488.602    16127.195
       1.007        0.000     9488.602    16127.195
       2.009        1.000     9488.602    16127.195
       3.010        0.000     9488.602    16127.195
       4.012        1.000     9488.602    16127.195
       5.013     1046.000    10138.301    16371.723
       6.014     1669.700    11069.973    17309.574
       7.016       18.000    10132.152    16371.723
       8.017      789.900    10138.492    16371.723
       9.018     1842.400    11070.996    17309.574
      10.019       15.000    10133.324    16371.723
      11.021      717.000    10136.336    16371.723
      12.022     1908.200    11072.625    17309.574
      13.024       23.000    10134.918    16371.723
      14.025      578.400    10139.215    16371.723
      15.026     2069.800    11072.754    17309.574
      16.028       22.000    10135.152    16371.723
      17.029      510.500    10141.523    16371.723
      18.030     2101.700    11072.492    17309.574
      19.032       22.000    10134.887    16371.723
      20.033      701.500    10141.934    16371.723
      21.034     1939.000    11072.723    17309.574
      22.036       29.000    10135.027    16371.723
      23.037     1543.600    10654.746    16890.918
      24.039        8.000    10135.746    16371.723
      25.041        0.000    10135.746    16371.723
      26.042        0.000    10135.746    16371.723
      27.044       36.900     9986.570    16371.723
      28.045     2578.400    11071.691    17309.574
      29.047       19.000    10133.961    16371.723
      30.048      721.000    10139.977    16371.723
      31.049     1863.000    11072.480    17309.574
      32.051       32.000     9651.031    16371.723
      33.052     1979.300    10142.094    16371.723
      34.054      605.100    11072.734    17309.574
      35.055       43.900     9947.387    16371.723
      36.057     2526.100    11073.078    17309.574
      37.058       31.900    10135.289    16371.723
      38.060      403.400    10140.918    16371.723
      39.061     2198.900    11071.379    17309.574
      40.063       32.000     9611.625    16371.723
      41.064     2001.200    10142.336    16371.723
      42.066      619.000    11072.539    17309.574
      43.067     1029.400    10141.652    16371.723
      44.069      489.200    10135.293    16371.723
      45.070        0.000    10135.293    16371.723
      46.072        0.000    10135.293    16371.723
      47.074        0.000    10135.293    16371.723
      48.075        0.000    10135.293    16371.723
      49.077        1.000    10135.293    16371.723
      50.078        1.000    10135.293    16371.723
      51.079        0.000    10135.293    16371.723
      52.081        0.000    10135.293    16371.723
      53.082        0.000    10135.293    16371.723
      54.084        0.000    10135.293    16371.723
      55.085        1.000    10135.293    16371.723
      56.087       36.900     9991.789    16892.887
      57.088     1417.000    10664.250    16893.578
      58.089     3054.300    12376.457    18613.031
      59.090       28.000    12376.457    18613.031
      60.092       29.000    10657.062    16893.578
      61.093       36.900     9961.199    16893.453
      62.095     1043.600    10664.125    16893.453
      63.096     3333.800    12376.742    18612.719
      64.098       27.000    12376.742    18612.719
      65.100       32.000    10657.477    16893.453
      66.101       36.900     9972.566    16893.578
      67.103     1310.100    10662.883    16893.578
      68.104     3011.200    12377.270    18613.031
      69.106       31.000    12377.270    18613.031
      70.107       28.000    10658.020    16893.578
      71.109       63.900    10166.602    16893.578
      72.110     2795.000    10664.664    16893.578
      73.112     1436.700    12376.297    18613.031
      74.113       30.000    12376.297    18613.031
      75.115       21.000    10273.730    16893.578
      76.116       82.900    10397.641    16893.453
      77.117     3406.100    10664.539    16893.453
      78.118      957.500    12376.512    18612.719
      79.120       31.000    12376.512    18612.719
      80.121       31.000     9634.309    16893.578
      81.123       83.900    10581.512    16893.578
      82.124     3831.000    11268.965    18613.031
      83.126      516.200    12377.430    18613.031
      84.127       29.000    12377.430    18613.031
      85.129       41.900     9807.141    16893.578
      86.130      578.200    10664.602    16893.578
      87.131     3760.100    12376.520    18613.031
      88.133       29.000    12376.520    18613.031
      89.134       31.000    10657.270    16893.578
      90.136       47.900     9986.387    16893.453
      91.137     1697.600    10663.422    16893.453
      92.138     2603.300    12377.031    18612.719
      93.140       31.000    12377.031    18612.719
      94.141       24.000    10657.887    16893.453
      95.143       39.900     9899.758    16893.578
      96.144       47.900    10499.172    16893.578
      97.145     3504.100    10665.078    16893.578
      98.147      740.900    12376.461    18613.031
      99.148       29.000    12376.461    18613.031
     100.150       22.000     9608.383    16893.578
     101.151       59.900    10564.609    16893.578
     102.152     3716.200    11514.613    18613.031
     103.154      429.300    12376.996    18613.031
     104.156       34.900    10657.660    16893.578
     105.157       15.000     9656.547    16893.453
     106.159       61.900    10587.766    16893.453
     107.160     3875.400    12129.883    18612.719
     108.161      200.700    12377.641    18612.719
     109.163       33.900    10658.406    16893.453
     110.165       25.000     9816.746    16893.578
     111.166      648.100    10662.277    16893.578
     112.167     3490.500    12377.695    18613.031
     113.169       29.000    12377.695    18613.031
     114.171       30.000    10658.312    16893.578
     115.172       24.000     9791.262    16893.578
     116.173      454.700    10660.711    16893.578
     117.174     3670.900    12377.441    18613.031
     118.176       30.000    12377.441    18613.031
     119.177       29.900    10658.117    16893.578
     120.179       18.000     9709.855    16893.453
     121.180      141.800    10659.602    16893.453
     122.182     4008.700    12377.133    18612.719
     123.183       29.000    12377.133    18612.719
     124.185       30.000    10657.883    16893.453
     125.186        6.000     9521.027    16893.578
     126.188       61.900    10453.020    16893.578
     127.189     3417.700    10665.078    16893.578
     128.190      774.900    12377.438    18613.031
     129.192       30.000    12377.438    18613.031
     130.193       21.000     9623.324    16893.578
     131.195       62.900    10630.598    16893.578
     132.196     4115.300    12376.570    18613.031
     133.197       39.900    12376.570    18613.031
     134.199       23.000    10657.133    16893.578
     135.200       23.000     9816.121    16893.453
     136.201      994.300    10664.918    16893.453
     137.202     3080.700    12377.160    18612.719
     138.204       20.000    12377.160    18612.719
     139.205       19.000    10657.945    16893.453
     140.206       26.000     9784.316    16893.578
     141.208      678.000    10661.066    16893.578
     142.209     3360.400    12377.355    18613.031
     143.210       18.000    12377.355    18613.031
     144.212       22.000    10658.023    16893.578
     145.213       41.900    10081.012    16893.578
     146.215     2355.700    10658.254    16893.578
     147.216     1708.300    12377.047    18613.031
     148.218       30.000    12377.047    18613.031
     149.219       17.000    10657.727    16893.578
     150.221     1006.600    10268.910    16504.609
     151.222     1794.500    11405.465    17640.719
     152.224       26.000    10269.527    16504.609
     153.225        1.000    10269.527    16504.609
     154.227        0.000    10269.527    16504.609
     155.228        1.000    10269.527    16504.609
     156.230        0.000    10269.527    16504.609
     157.231       14.000     9671.562    16893.578
     158.233       61.900    10656.406    16893.578
     159.234     4001.800    12376.961    18613.031
     160.236       31.000    12376.961    18613.031
     161.237       28.000    10657.559    16893.578
     162.239       62.900    10446.125    16893.453
     163.240     3453.500    11151.086    18612.719
     164.242      548.100    12376.984    18612.719
     165.243       34.900    10657.961    16893.453
     166.245       51.900    10253.809    16893.578
     167.246     3456.200    10663.426    16893.578
     168.248      912.700    12377.441    18613.031
     169.249       35.000    11354.711    18613.031
     170.250       44.900    10076.957    16893.578
     171.252     2498.500    10662.367    16893.578
     172.253     1694.400    12376.625    18613.031
     173.255       31.000    12376.625    18613.031
     174.256       40.900     9794.801    16796.273
     175.257     1554.900    10565.406    16796.273
     176.258     2279.800    12134.336    18369.797
     177.260       20.000    12134.336    18369.797
     178.261       11.000    10560.953    16796.273
     179.262        1.000    10560.953    16796.273
     180.264        0.000    10560.953    16796.273
     181.265        0.000    10560.953    16796.273
     182.267       46.900    10151.113    16945.605
     183.268     2640.300    10717.402    16945.605
     184.269     1713.300    12507.160    18743.086
     185.271       31.900    12507.160    18743.086
     186.273       39.900     9719.324    16945.730
     187.274      217.700    10710.645    16945.730
     188.275     4111.500    12507.383    18743.398
     189.277       30.000    12507.383    18743.398
     190.279       32.900    10709.836    16945.730
     191.280       56.900    10333.328    16945.605
     192.282     3488.100    10717.535    16945.605
     193.283      852.600    12507.191    18743.086
     194.285       33.000    12507.191    18743.086
     195.286       48.900     9950.145    16945.605
     196.287     1509.900    10713.914    16945.605
     197.289     2788.000    12508.402    18743.086
     198.290       33.000    12508.402    18743.086
     199.292       35.000     9558.453    16844.051
     200.293      204.700    10609.297    16844.051
     201.295     3672.600    12253.422    18489.227
     202.296       33.000    12253.422    18489.227
     203.297       23.000    10608.492    16844.051
     204.299        1.000    10608.492    16844.051
     205.301        0.000    10608.492    16844.051
     206.302        0.000    10608.492    16844.051
     207.304        2.000    10608.492    16844.051
     208.305        0.000    10608.492    16844.051
     209.306       44.900    10133.344    16945.605
     210.308     2621.200    10717.113    16945.605
     211.309     1643.400    12507.391    18743.086
     212.311       33.000    12507.391    18743.086
     213.312       44.900     9734.820    16945.730
     214.313      409.400    10710.125    16945.730
     215.315     3846.100    12508.312    18743.398
     216.316       34.000    12508.312    18743.398
     217.318       31.000    10710.789    16945.730
     218.319       78.900    10310.047    16945.605
     219.321     3410.700    10717.645    16945.605
     220.322      754.800    12506.906    18743.086
     221.324       31.900    12506.906    18743.086
     222.325       49.900     9820.699    16945.605
     223.326      928.700    10714.273    16945.605
     224.328     3366.700    12507.246    18743.086
     225.330       31.900    12507.246    18743.086
     226.331       30.000    10709.957    16945.605
     227.333       78.900    10278.918    16844.051
     228.334     3228.600    10616.105    16844.051
     229.335      717.900    12254.309    18489.227
     230.337       37.000    10609.250    16844.051
     231.338        0.000    10609.250    16844.051
     232.340        0.000    10609.250    16844.051
     233.341        1.000    10609.250    16844.051
     234.342        0.000    10609.250    16844.051
     235.344       76.900    10309.414    16997.762
     236.345     3216.200    10769.855    16997.762
     237.347     1219.100    12638.691    18873.461
     238.348       32.900    12638.691    18873.461
     239.350       32.000     9571.035    16997.762
     240.351       99.900    10615.691    16997.762
     241.353     3612.100    10769.871    16997.762
     242.354      800.800    12637.613    18873.461
     243.356       32.000    12637.613    18873.461
     244.357       47.900     9815.539    16997.762
     245.358      646.000    10765.035    16997.762
     246.360     3743.100    12639.062    18873.461
     247.362       30.000    12639.062    18873.461
     248.363       35.900    10763.453    16997.762
     249.365       66.900    10146.711    16997.762
     250.366     2375.500    10769.871    16997.762
     251.368     1979.900    12638.500    18873.461
     252.369       32.000    12638.500    18873.461
     253.370       29.000     9778.016    16997.762
     254.372       90.900    10525.727    16891.703
     255.373     3484.600    11292.336    18608.344
     256.375      468.200    12373.086    18608.344
     257.377       33.900    10656.641    16891.703
     258.378        1.000    10656.641    16891.703
     259.380       55.900    10033.293    16997.762
     260.381     1623.700    10769.355    16997.762
     261.382     2745.700    12638.488    18873.461
     262.384       20.000    12638.488    18873.461
     263.385       18.000    12638.488    18873.461
     264.387       30.000    10762.980    16997.762
     265.388     1193.100    11192.484    17426.922
     266.390       10.000    10763.547    16997.762
     267.391        0.000    10763.547    16997.762
     268.393        0.000    10763.547    16997.762
     269.394       58.900    10065.336    16997.762
     270.396     1932.100    10768.262    16997.762
     271.397     2546.000    12637.910    18873.461
     272.399       31.900    12637.910    18873.461
     273.400       28.000    10398.984    16997.762
     274.402       97.900    10510.012    16997.762
     275.403     3591.900    10767.793    16997.762
     276.404      844.700    12638.453    18873.461
     277.406       32.000    12638.453    18873.461
     278.407       65.900     9983.719    16319.383
     279.409     2169.400    10942.266    17177.703
     280.411       22.000    10084.094    16319.383
     281.412        0.000    10084.094    16319.383
     282.414        0.000    10084.094    16319.383
     283.415       81.900    10377.762    16997.762
     284.417     3591.600    10762.418    16997.762
     285.418      953.500    12637.746    18873.461
     286.420       32.000    12637.746    18873.461
     287.421       45.900     9749.418    16997.762
     288.423      285.600    10765.227    16997.762
     289.424     4052.300    12637.910    18873.461
     290.425      114.800    12637.910    18873.461
     291.427       35.900    10762.211    16997.762
     292.428     1394.100    10083.594    16319.383
     293.430      880.600    10942.812    17177.703
     294.431       10.000    10084.645    16319.383
     295.433        0.000    10084.645    16319.383
     296.435        1.000    10084.645    16319.383
     297.436        1.000    10084.645    16319.383
     298.438       15.000     9678.352    16997.762
     299.439       66.900    10727.906    16997.762
     300.440     3932.500    11092.074    18873.461
     301.442      618.000    12637.660    18873.461
     302.444       37.900    10819.398    18873.461
     303.445       45.900    10106.145    16997.762
     304.446     2237.900    10763.965    16997.762
     305.448     2443.100    12638.402    18873.461
     306.450       32.900    12638.402    18873.461
     307.451       43.900     9670.152    16319.383
     308.453     2282.700    10943.332    17177.703
     309.454       31.000    10085.160    16319.383
     310.456        0.000    10085.160    16319.383
     311.457        0.000    10085.160    16319.383
     312.459       53.900    10284.211    16997.762
     313.460     3062.700    10764.492    16997.762
     314.461     1408.000    12638.051    18873.461
     315.463       20.000    12638.051    18873.461
     316.464       26.000     9531.617    16997.762
     317.466       62.900    10548.945    16997.762
     318.467     3656.900    10769.062    16997.762
     319.468      781.900    12637.973    18873.461
     320.470       31.000    12637.973    18873.461
     321.472       51.900     9980.633    16319.383
     322.473     2131.900    10942.531    17177.703
     323.474       20.000    10084.359    16319.383
     324.476        0.000    10084.359    16319.383
     325.478        1.000    10084.359    16319.383
     326.479        0.000    10084.359    16319.383
     327.480        0.000    10084.359    16319.383
     328.482       64.900    10466.457    16997.762
     329.483     3550.900    10769.828    16997.762
     330.485      803.700    12637.590    18873.461
     331.487       31.900    12637.590    18873.461
     332.488       36.900     9777.523    16997.762
     333.489      342.500    10763.957    16997.762
     334.491     4094.000    12638.230    18873.461
     335.492       18.000    12638.230    18873.461
     336.494       35.900    10762.566    16997.762
     337.495     1423.000    10087.453    16319.383
     338.497      723.900    10940.980    17177.703
     339.498       10.000    10082.676    16319.383
     340.500      125.800    10278.812    16515.492
     341.501     2722.600    11432.910    17667.922
     342.503       31.000    10280.555    16515.492
     343.504        0.000    10280.555    16515.492
     344.506        0.000    10280.555    16515.492
     345.507       57.900    10344.598    16899.707
     346.509     3437.000    10671.820    16899.707
     347.510      720.000    12392.375    18628.352
     348.512       37.900    10663.879    16899.707
     349.513        0.000    10663.879    16899.707
     350.515       82.900    10337.777    16899.707
     351.516     3330.100    10671.820    16899.707
     352.517      716.900    12393.051    18628.352
     353.519       31.000    12393.051    18628.352
     354.521        9.000    10664.555    16899.707
     355.522        0.000    10664.555    16899.707
     356.524       23.000     9680.773    16899.707
     357.525      458.400    10664.797    16899.707
     358.526     3719.500    12392.410    18628.352
     359.528       32.000    12392.410    18628.352
     360.529       27.000    10663.953    16899.707
     361.531       18.000     9638.406    16899.707
     362.533      297.600    10666.484    16899.707
     363.534     3794.200    12393.742    18628.352
     364.536       33.000    12393.742    18628.352
     365.537       24.000    10665.188    16899.707
     366.538        1.000    10665.188    16899.707
     367.540        0.000    10665.188    16899.707
     368.542       58.900    10302.992    16899.707
     369.543     3312.200    10671.773    16899.707
     370.544      694.900    12394.234    18628.352
     371.546       34.900    11438.387    18628.352
     372.548        5.000    10665.812    16899.707
     373.549       53.900    10270.102    16899.707
     374.551     3375.200    10671.820    16899.707
     375.552      694.900    12392.426    18628.352
     376.554       37.900    10953.039    18628.352
     377.555        3.000    10663.941    16899.707
     378.557        0.000    10663.941    16899.707
     379.558       27.000     9826.340    16899.707
     380.560     1245.200    10670.922    16899.707
     381.561     2871.800    12392.930    18628.352
     382.563       33.000    12392.930    18628.352
     383.564       24.000    10664.438    16899.707
     384.566       24.000     9758.516    16899.707
     385.567      828.800    10669.422    16899.707
     386.569     3251.700    12392.379    18628.352
     387.570       33.900    12392.379    18628.352
     388.572       23.000    10663.762    16899.707
     389.573        1.000    10663.762    16899.707
     390.575        1.000    10663.762    16899.707
     391.576        0.000    10663.762    16899.707
     392.578       37.900    10012.043    16997.762
     393.579     1718.500    10769.875    16997.762
     394.581     2581.200    12637.914    18873.461
     395.582       33.000    12637.914    18873.461
     396.584      194.700    10762.418    16997.762
     397.585      990.400    10762.984    16997.762
     398.587        0.000    10762.984    16997.762
     399.588       56.900    10287.266    16997.762
     400.590     3060.500    10769.875    16997.762
     401.591     1366.000    12638.266    18873.461
     402.593       21.000    12638.266    18873.461
     403.594     1156.400    11190.930    17426.922
     404.595       15.000    10761.984    16997.762
     405.597        0.000    10761.984    16997.762
     406.598        1.000    10761.984    16997.762
     407.599        0.000    10761.984    16997.762
     408.600       25.000     9696.391    16997.762
     409.602      100.900    10720.422    16997.762
     410.603     4185.800    12622.309    18873.461
     411.605      153.800    12638.551    18873.461
     412.606       34.900    10762.953    16997.762
     413.608     1112.300    10763.020    16997.762
     414.609        0.000    10763.020    16997.762
     415.611       54.900    10000.355    16997.762
     416.612     1532.700    10768.402    16997.762
     417.614     2920.400    12638.098    18873.461
     418.615       30.000    12638.098    18873.461
     419.617      543.200    10769.629    16997.762
     420.618      685.900    10762.500    16997.762
     421.620        0.000    10762.500    16997.762
     422.621        1.000    10762.500    16997.762
     423.623        0.000    10762.500    16997.762
     424.625        0.000    10762.500    16997.762
     425.626       95.900    10481.688    16997.762
     426.627     3672.400    10769.875    16997.762
     427.629      811.800    12638.469    18873.461
     428.630       32.000    12638.469    18873.461
     429.632     1226.900    11191.699    17426.922
     430.634       18.000     9512.055    16997.762
     431.635     1518.500    10472.480    16707.492
     432.637       13.000     9896.438    16131.277
     433.638        0.000     9896.438    16131.277
     434.640       16.000     9682.633    16419.438
     435.641     2038.100    10191.551    16419.438
     436.643      459.300    11193.074    17427.812
     437.644        7.000    10184.812    16419.438
     438.646     1302.900    10191.551    16419.438
     439.647     1235.200    11192.355    17427.812
     440.649       17.000    10184.141    16419.438
     441.650        0.000    10184.141    16419.438
     442.652        1.000    10184.141    16419.438
     443.653       38.900    10048.527    16419.438
     444.655     2469.100    11192.016    17427.812
     445.656       28.000    10183.875    16419.438
     446.658       15.000     9652.262    16419.438
     447.659     2045.100    10184.801    16419.438
     448.661      455.400    11192.074    17427.812
     449.662        8.000    10183.918    16419.438
     450.664        1.000    10183.918    16419.438
     451.665        0.000    10183.918    16419.438
     452.667      395.400    10183.914    16419.438
     453.668     2074.900    11191.785    17427.812
     454.670       21.000    10183.629    16419.438
     455.671       33.900     9967.320    16419.438
     456.673     2532.100    11191.926    17427.812
     457.675       30.900    10183.770    16419.438
     458.676        0.000    10183.770    16419.438
     459.678        1.000    10183.770    16419.438
     460.679        0.000    10183.770    16419.438
     461.681        0.000    10183.770    16419.438
     462.682        0.000    10183.770    16419.438
     463.684        1.000    10183.770    16419.438
     464.685        0.000    10183.770    16419.438
     465.687        0.000    10183.770    16419.438
     466.688        1.000    10183.770    16419.438
     467.690        1.000    10183.770    16419.438
     468.691        0.000    10183.770    16419.438
     469.692        0.000    10183.770    16419.438
     470.694        0.000    10183.770    16419.438
     471.695        1.000    10183.770    16419.438
     472.697        0.000    10183.770    16419.438
     473.698        0.000    10183.770    16419.438
     474.700       60.900    10421.441    16997.762
     475.701     3689.200    10769.875    16997.762
     476.702      789.900    12637.535    18873.461
     477.704       32.000    12637.535    18873.461
     478.705       38.900     9810.625    16997.762
     479.707      516.300    10761.953    16997.762
     480.708     4002.700    12638.055    18873.461
     481.710       31.000    12638.055    18873.461
     482.711       35.900    10762.469    16997.762
     483.713      405.300    10762.293    16997.762
     484.714        0.000    10762.293    16997.762
     485.716        0.000    10762.293    16997.762
     486.717        1.000    10762.293    16997.762
     487.719        0.000    10762.293    16997.762
     488.720        0.000    10762.293    16997.762
     489.722        0.000    10762.293    16997.762
     490.723        1.000    10762.293    16997.762
     491.725       16.000    10770.875    17007.824
     492.726       92.900     4074.035    10465.152
