# Elapsed time   CPU (%)     Real (MB)   Virtual (MB)
       0.002        0.000    20306.559    27454.535
       1.003     5576.000    23851.969    30720.797
       2.004     5496.500    27446.418    34502.684
       3.005     2336.600    29676.508    64126.598
       4.007     5536.900    41542.957    64126.598
       5.008     3451.100    56855.516    64107.070
       6.009       38.900    56855.516    64107.070
       7.011       39.900    56855.516    64107.070
       8.012       45.900    56855.516    64107.070
       9.014       50.900    56855.516    64107.070
      10.016       31.900    56855.516    64107.070
      11.017       31.000    56855.516    64107.070
      12.019       33.000    56855.516    64107.070
      13.020       33.000    56855.516    64107.070
      14.022       31.000    56855.516    64107.070
      15.023       32.000    56855.516    64107.070
      16.024       32.000    56855.516    64107.070
      17.026       33.000    56855.516    64107.070
      18.027       32.000    56855.516    64107.070
      19.029       33.000    56855.516    64107.070
      20.030       34.000    56855.516    64107.070
      21.031       33.000    56855.516    64107.070
      22.033       32.900    56855.516    64107.070
      23.035       32.900    56855.516    64107.070
      24.036       33.000    56855.516    64107.070
      25.037       33.000    56855.516    64107.070
      26.039       33.000    56855.516    64107.070
      27.040       32.000    56855.516    64107.070
      28.042       32.000    56855.516    64107.070
      29.043       34.000    56855.516    64107.070
      30.044       33.000    56855.516    64107.070
      31.046       33.000    56855.516    64107.070
      32.047       33.000    56287.273    64107.070
      33.048      100.900    28848.789    64107.070
      34.050        1.000    28621.035    35872.590
      35.051        1.000    28621.035    35872.590
      36.053        0.000    28621.035    35872.590
      37.054        0.000    28621.035    35872.590
      38.056        1.000    28621.035    35872.590
      39.057        0.000    28621.035    35872.590
      40.059        0.000    28621.035    35872.590
      41.060        0.000    28621.035    35872.590
      42.062        1.000    28621.035    35872.590
      43.063        0.000    28621.035    35872.590
      44.064        1.000    28621.035    35872.590
      45.066        0.000    28621.035    35872.590
      46.067        0.000    28621.035    35872.590
      47.069        0.000    28621.035    35872.590
      48.070        1.000    28621.035    35872.590
      49.072        0.000    28621.035    35872.590
      50.073        0.000    28621.035    35872.590
      51.075        1.000    28621.035    35872.590
      52.077        0.000    28621.035    35872.590
      53.078        0.000    28621.035    35872.590
      54.080        0.000    28621.035    35872.590
      55.081        0.000    28621.035    35872.590
      56.083        1.000    28621.035    35872.590
      57.084        1.000    28621.035    35872.590
      58.086        0.000    28621.035    35872.590
      59.087        0.000    28621.035    35872.590
      60.089        0.000    28621.035    35872.590
      61.090        7.000    28678.262    36350.973
      62.092     1284.200    29501.246    36351.867
      63.093     2956.800    30789.473    37641.410
      64.094       25.000    30789.473    37641.410
      65.096       34.900    28851.223    36351.867
      66.097     2169.000    29503.609    36351.867
      67.099     1987.200    30791.422    37641.410
      68.100       28.000    29502.059    36351.867
      69.102      779.800    29504.672    36351.867
      70.103     3401.100    30792.285    37641.410
      71.105       34.000    29894.805    37641.410
      72.106       48.900    29357.961    36351.867
      73.108     4121.000    30792.281    37641.410
      74.109       31.000    30792.281    37641.410
      75.110       40.900    29030.719    36351.867
      76.112     2920.800    29509.688    36351.867
      77.113     1222.100    30792.996    37641.410
      78.115       32.000    28745.004    36351.867
      79.116     1467.900    29506.480    36351.867
      80.118     2696.800    30792.359    37641.410
      81.119       32.900    29502.922    36351.867
      82.121       47.900    29353.078    36351.867
      83.122     4111.700    30791.742    37641.410
      84.124       31.900    30791.742    37641.410
      85.126       41.900    29068.863    36351.867
      86.127     3091.600    29509.574    36351.867
      87.129     1060.300    30792.734    37641.410
      88.130       23.000    29503.293    36351.867
      89.132      594.100    29504.148    36351.867
      90.133     3564.800    30792.453    37641.410
      91.135       35.000    29618.125    37641.410
      92.136       42.900    29252.301    36351.867
      93.138     3956.300    30401.059    37641.410
      94.139      203.700    30792.039    37641.410
      95.141       31.000    28861.879    36351.867
      96.142     2215.800    29507.824    36351.867
      97.143     1923.200    30792.305    37641.410
      98.145       27.000    29503.000    36351.867
      99.146       53.900    29464.016    36351.867
     100.148     4131.700    30792.082    37641.410
     101.149       32.000    30792.082    37641.410
     102.151       19.000    28748.039    36351.867
     103.152     1662.600    29506.574    36351.867
     104.154     2531.000    30792.738    37641.410
     105.156       31.900    29503.426    36351.867
     106.157       23.000    28969.957    36351.867
     107.159     2723.200    29509.023    36351.867
     108.160     1472.900    30792.281    37641.410
     109.162       25.000    29502.910    36351.867
     110.163       51.900    29424.480    36351.867
     111.165     4104.600    30792.395    37641.410
     112.166       33.900    30792.395    37641.410
     113.168       11.000    29010.539    36351.867
     114.169      947.700    29506.500    36351.867
     115.171     3236.900    30793.766    37641.410
     116.172       32.000    30263.578    37641.410
     117.174       33.000    29033.574    36351.867
     118.175     2982.900    29508.828    36351.867
     119.176     1185.200    30791.824    37641.410
     120.178       23.000    29502.453    36351.867
     121.180       49.900    29381.227    36351.867
     122.181     4119.600    30792.879    37641.410
     123.183       31.000    30792.879    37641.410
     124.184       27.000    28803.102    36351.867
     125.186     1849.400    29507.555    36351.867
     126.187     2309.700    30792.980    37641.410
     127.188       31.000    29503.609    36351.867
     128.190       30.000    29028.148    36351.867
     129.192     3000.600    29506.988    36351.867
     130.193     1137.400    30792.969    37641.410
     131.194      424.300    29502.812    36351.867
     132.196        0.000    29502.812    36351.867
     133.197        0.000    29502.812    36351.867
     134.199        1.000    29502.812    36351.867
     135.201        1.000    29502.812    36351.867
     136.202        0.000    29502.812    36351.867
     137.204        0.000    29502.812    36351.867
     138.205        0.000    29502.812    36351.867
     139.206        0.000    29502.812    36351.867
     140.208        0.000    29502.812    36351.867
     141.209        1.000    29502.812    36351.867
     142.211        0.000    29502.812    36351.867
     143.212        0.000    29502.812    36351.867
     144.213       52.900    29420.516    36351.867
     145.215     4124.700    30792.852    37641.410
     146.216       32.000    30792.852    37641.410
     147.218       35.900    28984.898    36351.867
     148.219     2613.300    29508.223    36351.867
     149.220     1580.700    30791.195    37641.410
     150.222       26.000    29501.824    36351.867
     151.223      885.700    29503.316    36351.867
     152.225     3323.700    30793.246    37641.410
     153.226       35.900    29503.703    36351.867
     154.228       45.900    29348.188    36351.867
     155.230     4121.900    30792.812    37641.410
     156.231       33.000    30792.812    37641.410
     157.232       36.000    28957.281    36351.867
     158.234     2594.300    29506.023    36351.867
     159.235     1580.500    30791.551    37641.410
     160.237       26.000    29502.008    36351.867
     161.239       56.900    29480.812    36351.867
     162.240     4044.600    30791.324    37641.410
     163.242       33.900    30791.324    37641.410
     164.243       38.900    29080.426    36351.867
     165.245     3077.600    29510.281    36351.867
     166.246      993.500    30791.598    37641.410
     167.248       26.000    28656.789    36351.867
     168.249     1124.400    29509.598    36351.867
     169.251     2971.700    30792.688    37641.410
     170.252       34.900    29503.219    36351.867
     171.254       47.900    29333.781    36351.867
     172.255     4044.000    30792.523    37641.410
     173.257       33.000    30792.523    37641.410
     174.258       34.900    28932.336    36351.867
     175.260     2500.200    29510.406    36351.867
     176.261     1566.800    30793.398    37641.410
     177.263       28.000    29504.012    36351.867
     178.264      319.500    29507.246    36351.867
     179.266     3781.500    30793.516    37641.410
     180.267       33.000    30793.516    37641.410
     181.269       40.900    29132.707    36351.867
     182.270     3320.900    29510.406    36351.867
     183.272      759.800    30792.305    37641.410
     184.273       32.000    28783.168    36351.867
     185.275     1821.400    29509.875    36351.867
     186.276     2250.500    30792.535    37641.410
     187.278       29.000    29503.215    36351.867
     188.279      136.800    29504.137    36351.867
     189.281     3929.000    30792.469    37641.410
     190.282       34.900    30792.469    37641.410
     191.284       46.900    29244.699    36351.867
     192.285     3890.500    29743.152    37641.410
     193.286      377.400    30792.191    37641.410
     194.288       31.000    28857.152    36351.867
     195.290     2264.800    29510.879    36351.867
     196.291     2690.900    30792.430    37641.410
     197.293       21.000    29502.906    36351.867
     198.294       72.900    29421.383    36351.867
     199.296     4518.800    30792.859    37641.410
     200.297       28.000    30792.859    37641.410
     201.298       50.900    29051.664    36351.867
     202.300     3152.800    29510.812    36351.867
     203.302     1269.200    30793.727    37641.410
     204.303       26.000    28746.258    36351.867
     205.304     1540.800    29510.066    36351.867
     206.305     2928.400    30792.969    37641.410
     207.307       21.000    29503.652    36351.867
     208.308       69.900    29369.277    36351.867
     209.309     4301.700    30793.602    37641.410
     210.311       19.000    30793.602    37641.410
     211.312      415.400    29503.453    36351.867
     212.314        1.000    29503.453    36351.867
     213.315        0.000    29503.453    36351.867
     214.317        1.000    29503.453    36351.867
     215.318        0.000    29503.453    36351.867
     216.320        0.000    29503.453    36351.867
     217.321        1.000    29503.453    36351.867
     218.323        1.000    29503.453    36351.867
     219.324        0.000    29503.453    36351.867
     220.326        0.000    29503.453    36351.867
     221.327        0.000    29503.453    36351.867
     222.329        0.000    29503.453    36351.867
     223.330        0.000    29503.453    36351.867
     224.332        1.000    29503.453    36351.867
     225.333        0.000    29503.453    36351.867
     226.334        0.000    29503.453    36351.867
     227.336        1.000    29503.453    36351.867
     228.337        0.000    29503.453    36351.867
     229.339        0.000    29503.453    36351.867
     230.340        1.000    29503.453    36351.867
     231.342        0.000    29503.453    36351.867
     232.344        0.000    29503.453    36351.867
     233.345        1.000    29503.453    36351.867
     234.346        0.000    29503.453    36351.867
     235.348        0.000    29503.453    36351.867
     236.350        0.000    29503.453    36351.867
     237.351        0.000    29503.453    36351.867
     238.353        1.000    29503.453    36351.867
     239.354        0.000    29503.453    36351.867
     240.355        0.000    29503.453    36351.867
     241.357        1.000    29503.453    36351.867
     242.359        0.000    29503.453    36351.867
     243.360        2.000    29503.453    36351.867
     244.362        0.000    29503.453    36351.867
     245.363        0.000    29503.453    36351.867
     246.365        0.000    29503.453    36351.867
     247.366        0.000    29503.453    36351.867
     248.368        1.000    29503.453    36351.867
     249.370        0.000    29503.453    36351.867
     250.371        0.000    29503.453    36351.867
     251.373        0.000    29503.453    36351.867
     252.374        2.000    29503.453    36351.867
     253.376        0.000    29503.453    36351.867
     254.378        0.000    29503.453    36351.867
     255.379       83.900    29559.859    36742.711
     256.381     3681.300    29902.668    36743.508
     257.382     2560.300    31770.348    38619.207
     258.383       26.000    31770.348    38619.207
     259.385       17.000    28796.195    36743.508
     260.387       94.900    29646.727    36743.508
     261.388     4142.400    29902.668    36743.508
     262.389     1841.300    31771.551    38619.207
     263.391       35.000    31771.551    38619.207
     264.392       31.000    28806.172    36743.508
     265.394       64.900    29836.391    36743.508
     266.395     4726.300    29902.668    36743.508
     267.396      828.700    31770.406    38619.207
     268.398       34.900    31770.406    38619.207
     269.399       33.000    28932.188    36743.508
     270.401      486.300    29899.520    36743.508
     271.402     4625.700    31272.160    38619.207
     272.404      214.600    31770.844    38619.207
     273.406       36.900    29895.234    36743.508
     274.407       37.900    29179.492    36743.508
     275.409     1802.600    29902.059    36743.508
     276.410     3442.200    31770.965    38619.207
     277.411       27.000    31770.965    38619.207
     278.413       29.000    29895.344    36743.508
     279.415       53.900    29410.344    36743.508
     280.416     3096.300    29902.434    36743.508
     281.417     1964.200    31770.109    38619.207
     282.419       20.000    31770.109    38619.207
     283.420       17.000    29553.477    36743.508
     284.421       66.900    29681.414    36743.508
     285.423     3839.600    29902.668    36743.508
     286.424      951.600    31770.867    38619.207
     287.426       22.000    31770.867    38619.207
     288.427       32.000    28928.348    36743.508
     289.428      659.400    29898.734    36743.508
     290.429     4167.000    31770.895    38619.207
     291.431       31.000    31770.895    38619.207
     292.432       25.000    29895.285    36743.508
     293.434       62.900    29260.238    36743.508
     294.435     2183.700    29902.473    36743.508
     295.437     2511.200    31771.730    38619.207
     296.438       21.000    31771.730    38619.207
     297.440       17.000    29896.133    36743.508
     298.441       95.900    29586.188    36743.508
     299.442     3681.100    29902.668    36743.508
     300.444      986.400    31770.988    38619.207
     301.445       34.900    31770.988    38619.207
     302.447       32.900    28872.035    36743.508
     303.448      280.600    29902.582    36743.508
     304.450     5458.200    29902.668    36743.508
     305.451      709.900    31771.035    38619.207
     306.453       35.900    30812.398    38619.207
     307.454       33.000    29029.812    36743.508
     308.456      923.700    29899.324    36743.508
     309.457     5202.500    31771.270    38619.207
     310.459       31.000    31771.270    38619.207
     311.460       37.900    29895.727    36743.508
     312.462       40.900    29202.930    36743.508
     313.463     1857.300    29901.844    36743.508
     314.465     4034.700    31771.355    38619.207
     315.467       19.000    31771.355    38619.207
     316.468       19.000    29895.820    36743.508
     317.470       68.900    29363.383    36743.508
     318.471     2779.200    29902.086    36743.508
     319.472     2977.800    31770.914    38619.207
     320.474       35.000    31770.914    38619.207
     321.475       24.000    29895.430    36743.508
     322.477       63.900    29624.156    36743.508
     323.478     3949.400    29902.629    36743.508
     324.480     1616.500    31771.277    38619.207
     325.481       32.900    31771.277    38619.207
     326.483       32.900    28837.930    36743.508
     327.484       63.900    29881.297    36743.508
     328.486     4743.400    29902.668    36743.508
     329.487      675.000    31771.336    38619.207
     330.489       36.900    31051.660    38619.207
     331.490       37.900    29085.633    36743.508
     332.491     1262.300    29901.316    36743.508
     333.493     4119.000    31770.730    38619.207
     334.494       20.000    31770.730    38619.207
     335.496       24.000    29895.180    36743.508
     336.497       48.900    29317.883    36743.508
     337.498     2619.300    29902.266    36743.508
     338.500     2623.000    31771.418    38619.207
     339.501       33.000    31771.418    38619.207
     340.503       25.000    29895.824    36743.508
     341.504       62.900    29592.324    36743.508
     342.506     3745.600    29902.668    36743.508
     343.507     1413.000    31770.699    38619.207
     344.508       34.000    31770.699    38619.207
     345.510       30.000    28806.031    36743.508
     346.511       64.900    29871.828    36743.508
     347.513     4429.800    29902.668    36743.508
     348.514      662.000    31770.898    38619.207
     349.516       33.900    31202.746    38619.207
     350.517       36.900    29074.102    36743.508
     351.518     1351.100    29899.785    36743.508
     352.520     3648.500    31771.281    38619.207
     353.521       26.000    31771.281    38619.207
     354.523       39.900    29895.672    36743.508
     355.524       36.000    29153.375    36743.508
     356.525     1641.700    29899.812    36743.508
     357.527     3289.800    31770.301    38619.207
     358.529       21.000    31770.301    38619.207
     359.530       20.000    29894.699    36743.508
     360.532       78.900    29432.129    36743.508
     361.533     3157.400    29902.555    36743.508
     362.535     1786.200    31770.371    38619.207
     363.536       21.000    31770.371    38619.207
     364.538       21.000    28669.906    36743.508
     365.539       99.900    29705.539    36743.508
     366.541     3885.800    29902.484    36743.508
     367.542      943.600    31771.086    38619.207
     368.544       20.000    31771.086    38619.207
     369.545       37.900    28921.414    36743.508
     370.547      320.500    29897.340    36743.508
     371.548     4542.400    31694.445    38619.207
     372.550      123.800    31771.094    38619.207
     373.551       37.900    29895.426    36743.508
     374.555       29.900    29027.832    36743.508
     375.556     1110.400    29899.891    36743.508
     376.558     3676.300    31772.172    38619.207
     377.559       32.900    31772.172    38619.207
     378.561       30.900    29896.504    36743.508
     379.563       39.900    29197.520    36743.508
     380.564     1827.400    29900.863    36743.508
     381.565     2945.300    31771.176    38619.207
     382.567       33.000    31771.176    38619.207
     383.568       26.000    29895.566    36743.508
     384.570       51.900    29412.113    36743.508
     385.571     3003.700    29902.246    36743.508
     386.573     1644.400    31771.492    38619.207
     387.574       31.900    31771.492    38619.207
     388.576       22.000    29313.004    36743.508
     389.577       66.900    29694.801    36743.508
     390.579     3759.600    29902.668    36743.508
     391.580      896.800    31770.543    38619.207
     392.581       33.000    31770.543    38619.207
     393.583       32.900    28932.797    36743.508
     394.584      518.300    29897.082    36743.508
     395.586     4163.200    31770.883    38619.207
     396.587       29.000    31770.883    38619.207
     397.588       31.000    29895.348    36743.508
     398.590       35.900    29162.848    36743.508
     399.591     1796.500    29900.219    36743.508
     400.593     2886.500    31772.805    38619.207
     401.594       32.000    31772.805    38619.207
     402.596       28.000    29897.203    36743.508
     403.597       48.900    29356.000    36743.508
     404.599     2648.400    29902.668    36743.508
     405.600     2160.900    31770.379    38619.207
     406.602       34.900    31770.379    38619.207
     407.603       22.000    29894.750    36743.508
     408.605       65.900    29597.953    36743.508
     409.606     3653.800    29902.621    36743.508
     410.608     1127.400    31771.082    38619.207
     411.609       31.000    31771.082    38619.207
     412.610       30.000    28838.414    36743.508
     413.612      132.800    29897.410    36743.508
     414.613     4429.400    31339.059    38619.207
     415.615      218.600    31771.668    38619.207
     416.616       24.000    29896.008    36743.508
     417.618       48.900    29102.375    36743.508
     418.619     1371.000    29898.699    36743.508
     419.621     4564.600    31770.895    38619.207
     420.622       19.000    31770.895    38619.207
     421.624       21.000    29895.316    36743.508
     422.625       53.900    29188.082    36743.508
     423.626     1842.500    29896.594    36743.508
     424.628     3938.100    31771.934    38619.207
     425.629       34.900    31771.934    38619.207
     426.631       29.000    29896.348    36743.508
     427.632       63.900    29344.574    36743.508
     428.634     2706.900    29899.746    36743.508
     429.635     2937.800    31770.309    38619.207
     430.637       33.900    31770.309    38619.207
     431.638       24.000    29894.723    36743.508
     432.640       58.900    29467.730    36743.508
     433.641     3329.200    29900.207    36743.508
     434.643     2320.300    31770.293    38619.207
     435.645       20.000    31770.293    38619.207
     436.646       15.000    29553.695    36743.508
     437.647       99.800    29636.773    36743.508
     438.649     3966.100    29901.754    36743.508
     439.650     1476.800    31771.750    38619.207
     440.652       20.000    31771.750    38619.207
     441.653       26.000    28759.332    36743.508
     442.655      100.900    29792.129    36743.508
     443.656     4378.000    29899.590    36743.508
     444.658      838.700    31771.203    38619.207
     445.659       20.000    31771.203    38619.207
     446.661       35.900    28894.668    36743.508
     447.662       88.900    29895.496    36743.508
     448.664     4422.400    29902.355    36743.508
     449.665      665.900    31770.477    38619.207
     450.667       32.000    31770.477    38619.207
     451.669       32.900    28957.863    36743.508
     452.670      705.000    29896.891    36743.508
     453.671     4238.100    31771.168    38619.207
     454.673       31.900    31771.168    38619.207
     455.675       34.900    29895.691    36743.508
     456.676       36.900    29169.637    36743.508
     457.678     1869.400    29899.402    36743.508
     458.679     2872.700    31770.387    38619.207
     459.681       19.000    31770.387    38619.207
     460.682       19.000    29894.926    36743.508
     461.684       73.900    29369.449    36743.508
     462.685     2818.800    29899.586    36743.508
     463.687     1920.000    31771.039    38619.207
     464.688       19.000    31771.039    38619.207
     465.690       16.000    29895.578    36743.508
     466.691       94.900    29608.320    36743.508
     467.693     3673.400    29900.750    36743.508
     468.694     1072.400    31770.957    38619.207
     469.696       20.000    31770.957    38619.207
     470.697       32.900    28845.438    36743.508
     471.699      100.800    29874.367    36743.508
     472.700     4189.300    30720.297    38619.207
     473.702      453.300    31771.656    38619.207
     474.703       25.000    29896.059    36743.508
     475.705       43.900    29051.410    36743.508
     476.706     1061.400    29899.082    36743.508
     477.708     3627.200    31771.203    38619.207
     478.710       19.000    31771.203    38619.207
     479.711       22.000    29895.547    36743.508
     480.713       56.900    29209.195    36743.508
     481.714     1898.300    29900.863    36743.508
     482.716     2649.900    31770.418    38619.207
     483.717       19.000    31770.418    38619.207
     484.719       19.000    29894.891    36743.508
     485.720       80.900    29429.742    36743.508
     486.722     3125.300    29902.613    36743.508
     487.723     1385.900    31771.676    38619.207
     488.725       32.900    31771.676    38619.207
     489.726       19.000    29896.207    36743.508
     490.728       64.900    29615.652    36743.508
     491.729     3618.100    29902.359    36743.508
     492.731      883.800    31771.062    38619.207
     493.732       34.000    31771.062    38619.207
     494.733       26.000    28802.609    36743.508
     495.735       62.900    29860.414    36743.508
     496.736     3957.300    30424.324    38619.207
     497.738      572.200    31771.055    38619.207
     498.739       23.000    30862.039    38619.207
     499.740       29.000    28970.957    36743.508
     500.742      668.000    29898.062    36743.508
     501.743     3884.000    31771.301    38619.207
     502.745       30.000    31771.301    38619.207
     503.746       33.900    29895.637    36743.508
     504.748       34.900    29127.559    36743.508
     505.749     1428.000    29898.891    36743.508
     506.751     3080.700    31770.586    38619.207
     507.752       32.000    31770.586    38619.207
     508.753       29.000    29895.109    36743.508
     509.755       45.900    29315.234    36743.508
     510.756     2574.500    29899.910    36743.508
     511.758     1900.100    31771.902    38619.207
     512.759       29.000    31771.902    38619.207
     513.760       21.000    29896.250    36743.508
     514.762       59.900    29544.797    36743.508
     515.763     3564.000    29901.336    36743.508
     516.765      879.700    31770.387    38619.207
     517.766       33.000    31770.387    38619.207
     518.768       28.000    28803.809    36743.508
     519.769       67.900    29877.855    36743.508
     520.771     3989.700    30925.133    38619.207
     521.772      397.300    31771.531    38619.207
     522.774       33.900    29896.070    36743.508
     523.775       32.000    29079.523    36743.508
     524.777     1408.000    29897.953    36743.508
     525.778     3029.300    31770.473    38619.207
     526.780       32.000    31770.473    38619.207
     527.781       29.000    29894.820    36743.508
     528.783       45.900    29305.148    36743.508
     529.784     2505.400    29900.926    36743.508
     530.785     1925.300    31771.469    38619.207
     531.787       24.000    31771.469    38619.207
     532.788       22.000    29895.883    36743.508
     533.789       59.900    29549.586    36743.508
     534.791     3534.000    29901.551    36743.508
     535.792      777.800    31771.125    38619.207
     536.794       30.000    31771.125    38619.207
     537.796       23.000    28677.578    36743.508
     538.797       66.900    29749.562    36743.508
     539.798     3592.000    29902.617    36743.508
     540.800      741.900    31772.020    38619.207
     541.801       33.000    31772.020    38619.207
     542.803     1079.500    30291.508    37139.656
     543.804        7.000    29895.508    36743.508
     544.805        0.000    29895.508    36743.508
     545.807        0.000    29895.508    36743.508
     546.809        0.000    29895.508    36743.508
     547.810        0.000    29895.508    36743.508
     548.812        1.000    29895.508    36743.508
     549.813        1.000    29895.508    36743.508
     550.815        0.000    29895.508    36743.508
     551.816        0.000    29895.508    36743.508
     552.817        0.000    29895.508    36743.508
     553.819        1.000    29895.508    36743.508
     554.820       17.000    28782.219    36743.508
     555.822       95.900    29835.641    36743.508
     556.823     4275.700    31770.770    38619.207
     557.825       20.000    31770.770    38619.207
     558.826       22.000    29895.309    36743.508
     559.827       67.900    29306.152    36743.508
     560.829     2450.300    29901.418    36743.508
     561.830     1967.000    31770.668    38619.207
     562.832       30.000    31770.668    38619.207
     563.833       22.000    29236.254    36743.508
     564.835       67.900    29670.332    36743.508
     565.836     3622.000    29902.184    36743.508
     566.838      789.800    31770.883    38619.207
     567.839       34.000    31770.883    38619.207
     568.841       35.000    28980.832    36743.508
     569.842      791.900    29897.457    36743.508
     570.843     3495.400    31770.555    38619.207
     571.845       31.900    31770.555    38619.207
     572.847       24.000    29894.883    36743.508
     573.848       60.900    29563.539    36743.508
     574.850     3552.000    29901.035    36743.508
     575.851      823.700    31771.441    38619.207
     576.853       31.900    31771.441    38619.207
     577.854       32.000    28877.891    36743.508
     578.856      266.600    29895.734    36743.508
     579.857     4093.000    31771.336    38619.207
     580.859       75.900    31771.336    38619.207
     581.860       34.900    29895.734    36743.508
     582.862       40.900    29249.859    36743.508
     583.863     2163.900    29901.312    36743.508
     584.865     2083.900    31770.285    38619.207
     585.866       21.000    31770.285    38619.207
     586.868       29.000    28753.430    36743.508
     587.869       96.900    29793.703    36743.508
     588.871     3645.300    29900.789    36743.508
     589.872      716.900    31771.480    38619.207
     590.874       20.000    31771.480    38619.207
     591.875       48.900    29038.797    36743.508
     592.877     1039.400    29896.562    36743.508
     593.878     3450.500    31770.332    38619.207
     594.880       20.000    31770.332    38619.207
     595.881       22.000    29894.801    36743.508
     596.883       81.900    29437.645    36743.508
     597.884     3141.700    29901.969    36743.508
     598.885     1194.100    31771.027    38619.207
     599.887       19.000    31771.027    38619.207
     600.889       29.000    28759.906    36743.508
     601.890      100.800    29789.867    36743.508
     602.892     4252.000    31771.340    38619.207
     603.893       20.000    31771.340    38619.207
     604.895       22.000    29895.809    36743.508
     605.896       66.900    29285.770    36743.508
     606.898     2331.500    29900.090    36743.508
     607.899     1969.900    31771.602    38619.207
     608.901       20.000    31771.602    38619.207
     609.902       26.000    28729.293    36743.508
     610.904       93.900    29747.910    36743.508
     611.905     4256.400    31771.172    38619.207
     612.907       19.000    31771.172    38619.207
     613.908       25.000    29895.711    36743.508
     614.910       49.900    29115.516    36743.508
     615.911     1406.900    29898.359    36743.508
     616.913     2948.300    31771.559    38619.207
     617.915       20.000    31771.559    38619.207
     618.916       21.000    29895.961    36743.508
     619.917       72.900    29342.641    36743.508
     620.919     2626.100    29899.840    36743.508
     621.920     1729.300    31771.531    38619.207
     622.922       17.000    31771.531    38619.207
     623.923       44.900    29895.934    36743.508
     624.925      369.400    29894.484    36743.508
     625.926        0.000    29894.484    36743.508
     626.927        1.000    29894.484    36743.508
     627.929        0.000    29894.484    36743.508
     628.930        0.000    29894.484    36743.508
     629.932        0.000    29894.484    36743.508
     630.933        1.000    29894.484    36743.508
     631.934        0.000    29894.484    36743.508
     632.936        0.000    29894.484    36743.508
     633.937        0.000    29894.484    36743.508
     634.939        1.000    29894.484    36743.508
     635.940        0.000    29894.484    36743.508
     636.942        0.000    29894.484    36743.508
     637.943        1.000    29894.484    36743.508
     638.945       88.900    29567.008    36743.508
     639.946     3605.100    29902.422    36743.508
     640.947      744.800    31770.285    38619.207
     641.949       17.000    31770.285    38619.207
     642.950       15.000    29894.691    36743.508
     643.952       94.900    29602.793    36743.508
     644.953     3639.300    29900.625    36743.508
     645.955      726.900    31771.719    38619.207
     646.957       17.000    31771.719    38619.207
     647.958       16.000    29896.258    36743.508
     648.960       97.800    29591.469    36743.508
     649.961     3692.700    30237.445    38619.207
     650.963      607.900    31770.918    38619.207
     651.965       17.000    31770.918    38619.207
     652.966       24.000    28731.496    36743.508
     653.968       96.900    29799.613    36743.508
     654.969     4044.700    31124.012    38619.207
     655.971      344.400    31771.723    38619.207
     656.973       16.000    31771.723    38619.207
     657.974       29.000    28757.559    36743.508
     658.976       99.800    29775.660    36743.508
     659.977     3784.400    30290.578    38619.207
     660.979      582.900    31771.969    38619.207
     661.981       17.000    31771.969    38619.207
     662.982       26.000    28731.777    36743.508
     663.984       99.900    29747.816    36743.508
     664.985     4232.100    31771.156    38619.207
     665.987       16.000    31771.156    38619.207
     666.988       17.000    31771.156    38619.207
     667.990       41.900    28914.598    36743.508
     668.991      383.500    29896.160    36743.508
     669.993     4027.500    31770.254    38619.207
     670.994       18.000    31770.254    38619.207
     671.996       17.000    31770.254    38619.207
     672.997       45.900    29003.996    36743.508
     673.999      812.900    29897.145    36743.508
     675.000     3554.500    31771.777    38619.207
     676.002       17.000    31771.777    38619.207
     677.003       17.000    31771.777    38619.207
     678.005       43.900    28966.258    36743.508
     679.006      576.100    29896.711    36743.508
     680.008     3777.000    31771.750    38619.207
     681.009       17.000    31771.750    38619.207
     682.011       18.000    31771.750    38619.207
     683.012       49.900    29018.633    36743.508
     684.013      824.900    29898.508    36743.508
     685.015     3527.400    31771.785    38619.207
     686.017       17.000    31771.785    38619.207
     687.018       21.000    30521.891    38619.207
     688.020       50.900    29079.777    36743.508
     689.021     1190.200    29897.062    36743.508
     690.023     3232.900    31770.625    38619.207
     691.024       17.000    31770.625    38619.207
     692.026       21.000    30596.496    38619.207
     693.027       49.900    29076.039    36743.508
     694.028     1319.200    29897.363    36743.508
     695.030     3114.400    31770.961    38619.207
     696.031       17.000    31770.961    38619.207
     697.033       21.000    30786.113    38619.207
     698.034       50.900    29095.062    36743.508
     699.035     1265.000    29896.859    36743.508
     700.037     3038.100    31770.965    38619.207
     701.039       18.000    31770.965    38619.207
     702.040       24.000    29895.312    36743.508
     703.041       51.900    29127.492    36743.508
     704.043     1374.000    29897.613    36743.508
     705.044     2957.500    31770.500    38619.207
     706.046       17.000    31770.500    38619.207
     707.047       18.000    31278.137    38619.207
     708.049       52.900    29045.367    36743.508
     709.050      951.600    29896.930    36743.508
     710.052     3399.900    31771.289    38619.207
     711.053       17.000    31771.289    38619.207
     712.054       21.000    30846.875    38619.207
     713.056      329.500    29895.918    36743.508
     714.057        0.000    29895.918    36743.508
     715.059        1.000    29895.918    36743.508
     716.060        0.000    29895.918    36743.508
     717.061        0.000    29895.918    36743.508
     718.063        1.000    29895.918    36743.508
     719.064        0.000    29895.918    36743.508
     720.066        0.000    29895.918    36743.508
     721.067        0.000    29895.918    36743.508
     722.068        1.000    29895.918    36743.508
     723.070        0.000    29895.918    36743.508
     724.071       21.000    28811.246    36743.508
     725.073       73.900    29888.645    36743.508
     726.074     4236.600    31770.875    38619.207
     727.076       26.000    31770.875    38619.207
     728.077       29.000    31770.875    38619.207
     729.079       33.000    28906.523    36743.508
     730.080      468.600    29902.250    36743.508
     731.081     3955.400    31770.758    38619.207
     732.083       15.000    31770.758    38619.207
     733.084       16.000    31770.758    38619.207
     734.085       36.000    28870.672    36743.508
     735.086      198.700    29901.863    36743.508
     736.088     4177.000    31624.520    38619.207
     737.089      127.800    31770.184    38619.207
     738.091       16.000    31770.184    38619.207
     739.092       30.000    28793.613    36743.508
     740.094      100.800    29828.215    36743.508
     741.095     3801.600    30457.191    38619.207
     742.097      557.100    31771.520    38619.207
     743.098       30.000    31771.520    38619.207
     744.100       35.000    28961.000    36743.508
     745.101      697.000    29896.980    36743.508
     746.103     3644.700    31770.172    38619.207
     747.104       31.000    31770.172    38619.207
     748.106       32.900    29894.586    36743.508
     749.107       41.900    29209.781    36743.508
     750.109     2023.200    29894.531    36743.508
     751.110     2285.800    31771.406    38619.207
     752.111       18.000    31771.406    38619.207
     753.113       17.000    29706.406    36743.508
     754.114       96.900    29634.344    36743.508
     755.115     3978.400    31165.859    38619.207
     756.117      277.500    31771.203    38619.207
     757.119       18.000    31771.203    38619.207
     758.121       46.900    28995.281    36743.508
     759.122      768.900    29896.062    36743.508
     760.123     3457.600    31771.496    38619.207
     761.125       19.000    31771.496    38619.207
     762.127       18.000    29895.910    36743.508
     763.128       83.900    29468.402    36743.508
     764.129     3338.400    29895.855    36743.508
     765.131      919.600    31770.742    38619.207
     766.132       18.000    31770.742    38619.207
     767.133       40.900    28908.195    36743.508
     768.135      264.600    29897.242    36743.508
     769.136     4235.400    31771.570    38619.207
     770.138       16.000    31771.570    38619.207
     771.139       16.000    31771.570    38619.207
     772.141       47.900    28997.973    36743.508
     773.142      776.800    29895.934    36743.508
     774.144     3686.200    31770.977    38619.207
     775.145       18.000    31770.977    38619.207
     776.147       24.000    29895.391    36743.508
     777.148       53.900    29141.750    36743.508
     778.150     1551.800    29895.336    36743.508
     779.151     2793.600    31771.871    38619.207
     780.153       17.000    31771.871    38619.207
     781.154       19.000    30907.340    38619.207
     782.156       49.900    29058.340    36743.508
     783.157     1133.300    29896.230    36743.508
     784.159     3321.700    31771.043    38619.207
     785.160       17.000    31771.043    38619.207
     786.162       19.000    30726.512    38619.207
     787.163       50.900    29088.449    36743.508
     788.165     1290.000    29897.012    36743.508
     789.166     3346.700    31771.141    38619.207
     790.168       15.000    31771.141    38619.207
     791.169       21.000    30682.609    38619.207
     792.171       48.900    29083.391    36743.508
     793.172     1361.000    29895.500    36743.508
     794.174     3242.800    31770.570    38619.207
     795.175       16.000    31770.570    38619.207
     796.177       26.000    31770.570    38619.207
     797.178      401.400    29895.273    36743.508
     798.180        0.000    29895.273    36743.508
     799.182        0.000    29895.273    36743.508
     800.183        0.000    29895.273    36743.508
     801.185        1.000    29895.273    36743.508
     802.186        1.000    29895.273    36743.508
     803.187        0.000    29895.273    36743.508
     804.189        0.000    29895.273    36743.508
     805.190        0.000    29895.273    36743.508
     806.192        0.000    29895.273    36743.508
     807.193        0.000    29895.273    36743.508
     808.195        1.000    29895.273    36743.508
     809.196        0.000    29895.273    36743.508
     810.198        0.000    29895.273    36743.508
     811.199       17.000    28766.773    36743.508
     812.201       90.900    29803.438    36743.508
     813.202     3720.700    30020.273    38619.207
     814.204      708.700    31771.297    38619.207
     815.206       28.000    31771.297    38619.207
     816.207       24.000    28693.727    36743.508
     817.209       63.900    29747.922    36743.508
     818.210     3705.700    29895.648    36743.508
     819.212      756.800    31769.945    38619.207
     820.213       28.000    31769.945    38619.207
     821.215       20.000    28919.414    36743.508
     822.216       64.900    29653.508    36743.508
     823.217     3624.900    29902.492    36743.508
     824.219      818.800    31771.418    38619.207
     825.220       27.000    31771.418    38619.207
     826.222       21.000    29895.750    36743.508
     827.223       67.900    29577.297    36743.508
     828.225     3642.900    29901.492    36743.508
     829.227      876.800    31771.633    38619.207
     830.228       16.000    31771.633    38619.207
     831.230       16.000    29895.980    36743.508
     832.231       84.900    29510.754    36743.508
     833.233     3587.700    29901.062    36743.508
     834.234      911.600    31771.586    38619.207
     835.236       16.000    31771.586    38619.207
     836.237       19.000    29896.000    36743.508
     837.239       76.900    29431.367    36743.508
     838.240     3165.600    29901.395    36743.508
     839.242     1185.100    31770.852    38619.207
     840.243       16.000    31770.852    38619.207
     841.245       19.000    29895.254    36743.508
     842.246       77.900    29407.676    36743.508
     843.248     3027.900    29895.199    36743.508
     844.249     1274.000    31771.301    38619.207
     845.251       17.000    31771.301    38619.207
     846.252       15.000    29895.715    36743.508
     847.254       88.900    29573.395    36743.508
     848.255     3555.100    29900.992    36743.508
     849.256      757.900    31769.898    38619.207
     850.258       18.000    31769.898    38619.207
     851.259       36.000    28867.707    36743.508
     852.261      309.500    29894.453    36743.508
     853.262     4005.700    31771.070    38619.207
     854.264       20.000    31771.070    38619.207
     855.266       18.000    29895.484    36743.508
     856.267       81.900    29457.406    36743.508
     857.268     3288.500    29902.125    36743.508
     858.270     1138.200    31770.484    38619.207
     859.271       18.000    31770.484    38619.207
     860.273       41.900    28923.855    36743.508
     861.274      310.600    29895.855    36743.508
     862.276     3976.700    31771.402    38619.207
     863.277       20.000    31771.402    38619.207
     864.279       18.000    29895.938    36743.508
     865.280       88.900    29558.664    36743.508
     866.282     3549.100    29900.762    36743.508
     867.283      732.900    31770.566    38619.207
     868.285       18.000    31770.566    38619.207
     869.286       44.900    28982.270    36743.508
     870.288      781.900    29897.336    36743.508
     871.289     3632.500    31770.023    38619.207
     872.291       20.000    31770.023    38619.207
     873.292       20.000    29894.363    36743.508
     874.293       75.900    29405.496    36743.508
     875.295     3026.500    29899.875    36743.508
     876.296     1363.800    31771.172    38619.207
     877.298       20.000    31771.172    38619.207
     878.299       20.000    28664.668    36743.508
     879.301      100.800    29696.176    36743.508
     880.302     3599.200    29901.453    36743.508
     881.304      739.900    31771.340    38619.207
     882.305       20.000    31354.867    38619.207
     883.307      402.300    29895.137    36743.508
     884.309        1.000    29895.137    36743.508
     885.310        0.000    29895.137    36743.508
     886.312       10.000    28711.465    36743.508
     887.313       91.900    29785.254    36743.508
     888.314     4305.500    31770.605    38619.207
     889.316       19.000    31770.605    38619.207
     890.317       24.000    29895.020    36743.508
     891.319       55.900    29212.793    36743.508
     892.320     1977.100    29898.758    36743.508
     893.322     2351.200    31771.320    38619.207
     894.324       21.000    31771.320    38619.207
     895.325       19.000    28824.840    36743.508
     896.327       99.800    29666.535    36743.508
     897.328     3603.700    29902.328    36743.508
     898.330      754.100    31770.812    38619.207
     899.332       18.000    31770.812    38619.207
     900.333       50.900    29023.934    36447.344
     901.334     2508.600    29601.008    36447.344
     902.336      917.600    31029.816    37878.879
     903.337       21.000    29598.305    36447.344
     904.339        0.000    29598.305    36447.344
     905.340        0.000    29598.305    36447.344
     906.342        1.000    29598.305    36447.344
     907.343        0.000    29598.305    36447.344
     908.344        0.000    29598.305    36447.344
     909.346        1.000    29598.305    36447.344
     910.347        0.000    29598.305    36447.344
     911.348        0.000    29598.305    36447.344
     912.350        0.000    29598.305    36447.344
     913.351        1.000    29598.305    36447.344
     914.353       65.900    29351.461    36743.508
     915.354     2753.900    29900.348    36743.508
     916.356     1537.500    31771.465    38619.207
     917.357       20.000    31771.465    38619.207
     918.359       37.900    28899.367    36743.508
     919.360      536.300    29896.656    36743.508
     920.362     3683.100    31769.832    38619.207
     921.363       19.000    31769.832    38619.207
     922.365       18.000    29894.246    36743.508
     923.366       91.900    29601.059    36743.508
     924.368     4002.000    30935.172    38619.207
     925.370      361.400    31771.773    38619.207
     926.371       25.000    29896.121    36743.508
     927.373       57.900    29198.684    36743.508
     928.374     1875.200    29900.133    36743.508
     929.376     2430.300    31769.730    38619.207
     930.377       19.000    31769.730    38619.207
     931.379       25.000    28722.973    36743.508
     932.380       91.900    29756.543    36743.508
     933.382     4290.100    31771.742    38619.207
     934.383       20.000    31771.742    38619.207
     935.385       22.000    29896.090    36743.508
     936.386       70.900    29327.816    36743.508
     937.388     2577.500    29900.961    36743.508
     938.389     1831.100    31771.473    38619.207
     939.391       19.000    31771.473    38619.207
     940.392       34.900    28858.070    36743.508
     941.394      134.800    29895.766    36743.508
     942.395     4215.200    31771.188    38619.207
     943.397       19.000    31771.188    38619.207
     944.398       21.000    29327.418    36743.508
     945.400     1918.200    29306.238    36151.176
     946.401      468.300    30291.242    37138.543
     947.403        7.000    29303.988    36151.176
     948.404        0.000    29303.988    36151.176
     949.406        0.000    29303.988    36151.176
     950.407        0.000    29303.988    36151.176
     951.409        0.000    29303.988    36151.176
     952.410       46.900    29131.594    36743.508
     953.411     1596.600    29899.281    36743.508
     954.413     2738.700    31770.059    38619.207
     955.415       20.000    31770.059    38619.207
     956.416       20.000    28758.109    36743.508
     957.417       94.900    29664.828    36743.508
     958.419     4270.900    31770.984    38619.207
     959.421       20.000    31770.984    38619.207
     960.422       23.000    29895.398    36743.508
     961.424       58.900    29238.695    36743.508
     962.425     2197.800    29899.707    36743.508
     963.427     2073.800    31770.641    38619.207
     964.428       18.000    31770.641    38619.207
     965.430       31.000    28803.355    36743.508
     966.431       93.900    29852.395    36743.508
     967.432     4257.000    31771.242    38619.207
     968.434       19.000    31771.242    38619.207
     969.436       22.000    29895.781    36743.508
     970.437       64.900    29313.328    36743.508
     971.438     2393.300    29900.496    36743.508
     972.440     1981.900    31771.281    38619.207
     973.441       20.000    31771.281    38619.207
     974.443       21.000    28662.391    36743.508
     975.444       92.900    29692.094    36743.508
     976.446     3635.600    29901.324    36743.508
     977.447      712.900    31771.695    38619.207
     978.449       20.000    31771.695    38619.207
     979.450       45.900    29003.250    36743.508
     980.452      831.800    29897.570    36743.508
     981.453     3522.400    31771.191    38619.207
     982.455       20.000    31771.191    38619.207
     983.456       20.000    29895.539    36743.508
     984.458     1325.200    29306.262    36151.176
     985.459     1103.300    30290.316    37138.543
     986.461       11.000    29303.090    36151.176
     987.462        1.000    29303.090    36151.176
     988.464        0.000    29303.090    36151.176
     989.465        0.000    29303.090    36151.176
     990.467        0.000    29303.090    36151.176
     991.468        0.000    29303.090    36151.176
     992.470        1.000    29303.090    36151.176
     993.471        1.000    29303.090    36151.176
     994.473        0.000    29303.090    36151.176
     995.474        0.000    29303.090    36151.176
     996.475        0.000    29303.090    36151.176
     997.477        0.000    29303.090    36151.176
     998.478        1.000    29303.090    36151.176
     999.480       67.900    29367.883    36743.508
    1000.481     2856.100    29901.473    36743.508
    1001.483     1437.900    31771.434    38619.207
    1002.484       11.000    31771.434    38619.207
    1003.486       10.000    31771.434    38619.207
    1004.487       15.000    29895.770    36743.508
    1005.489       36.900    29041.066    36743.508
    1006.490       47.900    29601.551    36743.508
    1007.491     2676.300    29895.715    36743.508
    1008.493     1610.500    31771.758    38619.207
    1009.495       13.000    31771.758    38619.207
    1010.496       12.000    31771.758    38619.207
    1011.497       14.000    29896.172    36743.508
    1012.499       36.900    29033.477    36743.508
    1013.500       46.900    29592.672    36743.508
    1014.502     2572.100    29899.852    36743.508
    1015.503     1758.200    31772.047    38619.207
    1016.505       11.000    31772.047    38619.207
    1017.506       11.000    31772.047    38619.207
    1018.508       14.000    29896.520    36743.508
    1019.509       41.900    29087.965    36743.508
    1020.510       46.900    29653.348    36743.508
    1021.512     3180.200    29901.641    36743.508
    1022.513     1156.200    31771.125    38619.207
    1023.519       12.900    31771.125    38619.207
    1024.520       11.000    31771.125    38619.207
    1025.521       14.000    29895.582    36743.508
    1026.523       44.900    29117.707    36743.508
    1027.524       50.900    29706.551    36743.508
    1028.526     3654.100    29901.504    36743.508
    1029.527      757.800    31771.316    38619.207
    1030.529       11.000    31771.316    38619.207
    1031.530       10.000    31771.316    38619.207
    1032.532       15.000    29895.730    36743.508
    1033.533       38.900    29048.504    36743.508
    1034.534       48.900    29609.762    36743.508
    1035.536     2758.900    29901.023    36743.508
    1036.537     1633.500    31771.098    38619.207
    1037.539       10.000    31771.098    38619.207
    1038.540       12.000    31771.098    38619.207
    1039.542       16.000    29895.570    36743.508
    1040.543       34.000    28988.273    36743.508
    1041.545       47.900    29548.500    36743.508
    1042.546     2135.800    29899.398    36743.508
    1043.548     2204.500    31771.832    38619.207
    1044.549       10.000    31771.832    38619.207
    1045.551       11.000    31771.832    38619.207
    1046.552       11.000    31771.832    38619.207
    1047.554       38.900    28950.984    36151.176
    1048.555     1973.800    29306.695    36151.176
    1049.557      450.300    30291.043    37138.543
    1050.558       10.000    30291.043    37138.543
    1051.560        5.000    29303.691    36151.176
    1052.561        1.000    29303.691    36151.176
    1053.563        0.000    29303.691    36151.176
    1054.564        0.000    29303.691    36151.176
    1055.565        1.000    29303.691    36151.176
    1056.567       31.000    28991.305    36743.508
    1057.568       46.900    29550.758    36743.508
    1058.570     2153.700    29901.273    36743.508
    1059.571     2177.600    31770.414    38619.207
    1060.573       11.000    31770.414    38619.207
    1061.575       10.000    31770.414    38619.207
    1062.576       16.000    30520.449    38619.207
    1063.577       27.000    28886.781    36743.508
    1064.579       47.900    29447.008    36743.508
    1065.580     1199.300    29897.582    36743.508
    1066.582     3043.400    31770.953    38619.207
    1067.583       11.000    31770.953    38619.207
    1068.585       10.000    31770.953    38619.207
    1069.586       16.000    30369.457    38619.207
    1070.588       29.000    28894.281    36743.508
    1071.589       47.900    29453.734    36743.508
    1072.591     1207.200    29896.996    36743.508
    1073.592     3148.000    31770.520    38619.207
    1074.594       21.000    31770.520    38619.207
    1075.595       18.000    29895.059    36743.508
    1076.596       85.900    29475.543    36743.508
    1077.598     3334.200    29901.383    36743.508
    1078.599      844.700    31771.457    38619.207
    1079.601       23.000    30950.918    38619.207
    1080.602       49.900    29063.074    36743.508
    1081.604     1124.300    29898.469    36743.508
    1082.605     3100.100    31771.074    38619.207
    1083.607       21.000    31771.074    38619.207
    1084.608       22.000    28685.129    36743.508
    1085.610      100.900    29714.832    36743.508
    1086.611     3646.500    29901.609    36743.508
    1087.613      733.800    31771.422    38619.207
    1088.615       22.000    31089.766    38619.207
    1089.616       47.900    29060.074    36743.508
    1090.618     1192.200    29896.867    36743.508
    1091.619     3147.000    31769.969    38619.207
    1092.621       20.000    31769.969    38619.207
    1093.622       23.000    28649.344    36151.176
    1094.624     1962.800    29308.957    36151.176
    1095.625      454.300    30291.297    37138.543
    1096.627        9.000    29303.938    36151.176
    1097.628        0.000    29303.938    36151.176
    1098.630        0.000    29303.938    36151.176
    1099.632        0.000    29303.938    36151.176
    1100.633        0.000    29303.938    36151.176
    1101.634        0.000    29303.938    36151.176
    1102.636        2.000    29303.938    36151.176
    1103.637        0.000    29303.938    36151.176
    1104.639        0.000    29303.938    36151.176
    1105.641        0.000    29303.938    36151.176
    1106.642        1.000    29303.938    36151.176
    1107.643        0.000    29303.938    36151.176
    1108.645        0.000    29303.938    36151.176
    1109.646       86.900    29616.746    36743.508
    1110.648     3571.600    29902.133    36743.508
    1111.649      731.800    31771.754    38619.207
    1112.651       20.000    31771.754    38619.207
    1113.653       47.900    29009.742    36743.508
    1114.654      888.800    29898.691    36743.508
    1115.655     3400.500    31771.965    38619.207
    1116.657       22.000    31771.965    38619.207
    1117.658       17.000    29689.559    36743.508
    1118.660       93.900    29654.105    36743.508
    1119.662     3611.000    29901.074    36743.508
    1120.663      723.800    31770.508    38619.207
    1121.665       26.000    29895.047    36743.508
    1122.666       51.900    29137.023    36743.508
    1123.668     1579.900    29897.805    36743.508
    1124.669     2782.500    31771.152    38619.207
    1125.671       21.000    31771.152    38619.207
    1126.672       19.000    29895.559    36743.508
    1127.674       86.900    29494.605    36743.508
    1128.675     3438.800    29901.973    36743.508
    1129.677      855.600    31771.004    38619.207
    1130.678       20.000    31771.004    38619.207
    1131.680       43.900    28957.309    36743.508
    1132.681      580.100    29897.059    36743.508
    1133.683     3811.900    31771.152    38619.207
    1134.685       20.000    31771.152    38619.207
    1135.686       17.000    29895.625    36743.508
    1136.688       92.900    29577.172    36743.508
    1137.689     3658.000    29901.945    36743.508
    1138.690      759.800    31770.914    38619.207
    1139.692       20.000    31770.914    38619.207
    1140.693       69.900    29241.262    36151.176
    1141.695     2381.100    30289.945    37138.543
    1142.697       16.000    29302.785    36151.176
    1143.698        0.000    29302.785    36151.176
    1144.700       35.900    28986.789    36743.508
    1145.701      816.900    29896.617    36743.508
    1146.702     3646.200    31771.410    38619.207
    1147.704       30.000    31771.410    38619.207
    1148.705       31.000    29895.883    36743.508
    1149.707       50.900    29372.211    36595.426
    1150.708     3191.400    29753.273    36595.426
    1151.710      660.000    31400.129    38249.043
    1152.711       22.000    29746.770    36595.426
    1153.713        0.000    29746.770    36595.426
    1154.714        0.000    29746.770    36595.426
    1155.716        0.000    29746.770    36595.426
    1156.717        0.000    29746.770    36595.426
    1157.719        2.000    29746.770    36595.426
    1158.720        0.000    29746.770    36595.426
    1159.721       81.900    29505.500    36743.508
    1160.723     3535.300    29901.266    36743.508
    1161.724      824.700    31771.176    38619.207
    1162.726       20.000    31771.176    38619.207
    1163.727       31.000    28786.930    36743.508
    1164.729       99.900    29808.898    36743.508
    1165.730     3700.300    30098.195    38619.207
    1166.732      664.800    31771.141    38619.207
    1167.734       34.900    30222.734    38619.207
    1168.735       53.900    29176.844    36521.383
    1169.737     2963.900    29678.828    36521.383
    1170.738      698.900    31216.910    38063.957
    1171.740       23.000    29674.352    36521.383
    1172.741        0.000    29674.352    36521.383
    1173.743        1.000    29674.352    36521.383
    1174.744       53.900    29221.984    36743.508
    1175.746     2047.000    29900.074    36743.508
    1176.747     2268.400    31770.359    38619.207
    1177.749       21.000    31770.359    38619.207
    1178.750       17.000    29705.410    36743.508
    1179.751       94.900    29633.090    36743.508
    1180.753     4195.500    31770.723    38619.207
    1181.754       81.900    31770.723    38619.207
    1182.756       24.000    29895.137    36743.508
    1183.757       57.900    29224.770    36521.383
    1184.759     3158.200    30436.418    38063.957
    1185.761      361.400    31216.301    38063.957
    1186.762       18.000    29673.809    36521.383
    1187.763        0.000    29673.809    36521.383
    1188.765        1.000    29673.809    36521.383
    1189.766        1.000    29673.809    36521.383
    1190.768        0.000    29673.809    36521.383
    1191.769        0.000    29673.809    36521.383
    1192.770        0.000    29673.809    36521.383
    1193.772       20.000    28807.137    36743.508
    1194.773      100.900    29855.660    36743.508
    1195.775     4211.500    31771.430    38619.207
    1196.776       21.000    31771.430    38619.207
    1197.778       19.000    29895.898    36743.508
    1198.779       83.900    29477.930    36743.508
    1199.781     3337.800    29900.078    36743.508
    1200.782      903.600    31770.672    38619.207
    1201.784       19.000    31770.672    38619.207
    1202.785       51.900    29068.094    36521.383
    1203.787     2351.900    29677.020    36521.383
    1204.788     1191.200    31215.715    38063.957
    1205.790       20.000    29673.289    36521.383
    1206.791        0.000    29673.289    36521.383
    1207.793        2.000    29673.289    36521.383
    1208.794       62.900    29309.094    36743.508
    1209.795     2528.200    29900.188    36743.508
    1210.797     1776.200    31771.668    38619.207
    1211.799       20.000    31771.668    38619.207
    1212.800       32.000    28793.613    36743.508
    1213.801       92.900    29843.168    36743.508
    1214.803     3815.600    30678.047    38619.207
    1215.805      466.100    31770.398    38619.207
    1216.807       26.000    29894.812    36743.508
    1217.808       55.900    29208.461    36521.383
    1218.810     3011.300    29678.281    36521.383
    1219.811      665.000    31215.160    38063.957
    1220.813       23.000    29672.668    36521.383
    1221.814        1.000    29672.668    36521.383
    1222.816        0.000    29672.668    36521.383
    1223.817        0.000    29672.668    36521.383
    1224.819        1.000    29672.668    36521.383
    1225.820        0.000    29672.668    36521.383
    1226.822        0.000    29672.668    36521.383
    1227.823       12.000    28732.004    36743.508
    1228.825       96.900    29777.949    36743.508
    1229.826     3655.100    29902.234    36743.508
    1230.828      733.800    31770.586    38619.207
    1231.829       24.000    30535.980    38619.207
    1232.831       45.900    29095.137    36743.508
    1233.832     1338.600    29896.887    36743.508
    1234.833     3062.200    31770.211    38619.207
    1235.835       19.000    31770.211    38619.207
    1236.836       21.000    29894.750    36743.508
    1237.838       77.900    29482.195    36521.383
    1238.839     3288.500    30604.754    38063.957
    1239.841      320.500    31215.512    38063.957
    1240.842       18.000    29672.953    36521.383
    1241.844        0.000    29672.953    36521.383
    1242.845        0.000    29672.953    36521.383
    1243.847       74.900    29461.383    36743.508
    1244.848     3284.500    29900.047    36743.508
    1245.850     1025.400    31771.727    38619.207
    1246.852       20.000    31771.727    38619.207
    1247.853       24.000    28713.949    36743.508
    1248.854       90.900    29763.504    36743.508
    1249.855     3710.700    30297.043    38619.207
    1250.858      576.000    31770.699    38619.207
    1251.859       26.000    29895.047    36743.508
    1252.860       58.900    29201.992    36521.383
    1253.861     3053.700    29975.746    38063.957
    1254.863      520.100    31215.824    38063.957
    1255.865       18.000    29673.262    36521.383
    1256.866        0.000    29673.262    36521.383
    1257.868        1.000    29673.262    36521.383
    1258.869        0.000    29673.262    36521.383
    1259.871        0.000    29673.262    36521.383
    1260.872        1.000    29673.262    36521.383
    1261.874        0.000    29673.262    36521.383
    1262.875       27.000    28889.863    36743.508
    1263.877      341.500    29895.500    36743.508
    1264.878     4065.100    31770.586    38619.207
    1265.880       20.000    31770.586    38619.207
    1266.881       22.000    29895.059    36743.508
    1267.883       66.900    29345.090    36743.508
    1268.884     2705.100    29898.887    36743.508
    1269.885     1629.600    31770.598    38619.207
    1270.887       21.000    31770.598    38619.207
    1271.888       27.000    28722.035    36521.383
    1272.889      558.200    29672.848    36521.383
    1273.891     3188.100    31215.918    38063.957
    1274.892       20.000    31215.918    38063.957
    1275.894        9.000    29673.445    36521.383
    1276.895        1.000    29673.445    36521.383
    1277.896       29.000    28908.094    36743.508
    1278.898      245.600    29899.840    36743.508
    1279.899     4202.300    31771.027    38619.207
    1280.901       19.000    31771.027    38619.207
    1281.903       25.000    29895.367    36743.508
    1282.904       56.900    29181.688    36743.508
    1283.905     1729.700    29899.227    36743.508
    1284.907     2656.100    31770.766    38619.207
    1285.908       21.000    31770.766    38619.207
    1286.910       27.000    28723.164    36521.383
    1287.911      401.400    29673.410    36521.383
    1288.913     3197.300    31215.898    38063.957
    1289.914       21.000    31215.898    38063.957
    1290.916       11.000    29673.566    36521.383
    1291.917        0.000    29673.566    36521.383
    1292.919        0.000    29673.566    36521.383
    1293.920        1.000    29673.566    36521.383
    1294.922        0.000    29673.566    36521.383
    1295.923        1.000    29673.566    36521.383
    1296.925        0.000    29673.566    36521.383
    1297.926        0.000    29673.566    36521.383
    1298.928        1.000    29673.566    36521.383
    1299.929        0.000    29673.566    36521.383
    1300.931        0.000    29673.566    36521.383
    1301.932       59.900    29241.051    36743.508
    1302.934     2157.700    29901.137    36743.508
    1303.935     2179.400    31771.078    38619.207
    1304.937       21.000    31771.078    38619.207
    1305.939       16.000    29895.621    36743.508
    1306.940       91.900    29629.246    36743.508
    1307.942     3685.000    29902.348    36743.508
    1308.943      756.900    31771.004    38619.207
    1309.945       21.000    31771.004    38619.207
    1310.946       45.900    28989.488    36743.508
    1311.947      710.900    29896.145    36743.508
    1312.949     3836.500    31771.156    38619.207
    1313.950       21.000    31771.156    38619.207
    1314.952       22.000    29895.578    36743.508
    1315.953       77.900    29384.281    36447.344
    1316.954     3291.600    31030.324    37878.879
    1317.955      120.800    31030.324    37878.879
    1318.957       19.000    29598.820    36447.344
    1319.958        0.000    29598.820    36447.344
    1320.960        0.000    29598.820    36447.344
    1321.961        5.000    28649.438    36743.508
    1322.963       64.900    29714.977    36743.508
    1323.964     3704.200    29895.184    36743.508
    1324.966      760.700    31771.117    38619.207
    1325.968       27.000    31771.117    38619.207
    1326.969       27.000    28805.203    36743.508
    1327.970       62.900    29832.070    36743.508
    1328.972     3790.600    30521.977    38619.207
    1329.974      523.100    31769.531    38619.207
    1330.975       26.000    31769.531    38619.207
    1331.977       33.000    28911.109    36743.508
    1332.978      274.600    29895.637    36743.508
    1333.979     4190.100    31771.434    38619.207
    1334.981       72.900    31771.434    38619.207
    1335.982       25.000    31771.434    38619.207
    1336.984       41.900    29126.484    36447.344
    1337.985     2826.000    29599.820    36447.344
    1338.987      678.000    31031.387    37878.879
    1339.988       28.000    29599.883    36447.344
    1340.990        0.000    29599.883    36447.344
    1341.991        1.000    29599.883    36447.344
    1342.993        0.000    29599.883    36447.344
    1343.994        0.000    29599.883    36447.344
    1344.995        0.000    29599.883    36447.344
    1345.997        1.000    29599.883    36447.344
    1346.998        0.000    29599.883    36447.344
    1347.999        0.000    29599.883    36447.344
    1349.001        1.000    29599.883    36447.344
    1350.002        0.000    29599.883    36447.344
    1351.004        0.000    29599.883    36447.344
    1352.005        3.000    28899.102    36447.344
    1353.006       67.900    29701.340    36743.508
    1354.008     3690.700    29896.352    36743.508
    1355.009      793.800    31769.988    38619.207
    1356.011       33.000    31769.988    38619.207
    1357.012       36.000    29024.750    36743.508
    1358.013     1032.500    29895.957    36743.508
    1359.015     3433.200    31771.801    38619.207
    1360.016       31.000    31771.801    38619.207
    1361.018       31.000    29896.215    36743.508
    1362.019       47.900    29376.410    36743.508
    1363.021     2783.000    29896.160    36743.508
    1364.022     1755.500    31770.168    38619.207
    1365.023       31.000    31770.168    38619.207
    1366.025       32.000    28783.355    36447.344
    1367.026     1294.200    29600.941    36447.344
    1368.028     2141.900    31029.832    37878.879
    1369.029       36.000    29855.496    37878.879
    1370.030        1.000    29598.328    36447.344
    1371.032        1.000    29598.328    36447.344
    1372.033        0.000    29598.328    36447.344
    1373.034       51.900    29435.789    36743.508
    1374.035     3236.500    29894.438    36743.508
    1375.037     1173.300    31771.570    38619.207
    1376.038       20.000    31771.570    38619.207
    1377.040       29.000    28798.164    36743.508
    1378.041       90.900    29849.523    36743.508
    1379.042     3933.300    30689.711    38619.207
    1380.044      467.200    31771.492    38619.207
    1381.046       26.000    29895.906    36743.508
    1382.047       52.900    29135.820    36743.508
    1383.048     1474.000    29895.852    36743.508
    1384.050     2965.600    31770.637    38619.207
    1385.051       21.000    31770.637    38619.207
    1386.053       21.000    29175.277    36743.508
    1387.054      297.600    29598.934    36447.344
    1388.056     3100.300    31030.570    37878.879
    1389.057       20.000    31030.570    37878.879
    1390.059        6.000    29599.199    36447.344
    1391.060        0.000    29599.199    36447.344
    1392.062        1.000    29599.199    36447.344
    1393.063        0.000    29599.199    36447.344
    1394.064        0.000    29599.199    36447.344
    1395.066        0.000    29599.199    36447.344
    1396.067        2.000    29599.199    36447.344
    1397.069        0.000    29599.199    36447.344
    1398.070        0.000    29599.199    36447.344
    1399.071        0.000    29599.199    36447.344
    1400.073        0.000    29599.199    36447.344
    1401.074        0.000    29599.199    36447.344
    1402.075       66.900    29293.574    36743.508
    1403.077     2377.600    29900.641    36743.508
    1404.078     1996.800    31770.770    38619.207
    1405.080       22.000    31770.770    38619.207
    1406.081       21.000    28658.520    36743.508
    1407.083       99.800    29668.113    36743.508
    1408.085     3634.200    29895.246    36743.508
    1409.086      717.900    31771.547    38619.207
    1410.088       25.000    30862.473    38619.207
    1411.089       51.900    29079.156    36743.508
    1412.091     1177.200    29897.891    36743.508
    1413.092     3118.900    31771.699    38619.207
    1414.094       21.000    31771.699    38619.207
    1415.095       32.000    28768.387    36447.344
    1416.097     1071.600    29602.684    36447.344
    1417.098     2282.400    31031.008    37878.879
    1418.100       24.000    29599.562    36447.344
    1419.101        1.000    29599.562    36447.344
    1420.102       83.900    29531.383    36669.465
    1421.104     3382.400    29827.801    36669.465
    1422.105      712.900    31586.250    38434.121
    1423.107       27.000    29821.777    36669.465
    1424.108        0.000    29821.777    36669.465
    1425.110        1.000    29821.777    36669.465
    1426.111        0.000    29821.777    36669.465
    1427.113        0.000    29821.777    36669.465
    1428.114        0.000    29821.777    36669.465
    1429.116        0.000    29821.777    36669.465
    1430.117        1.000    29821.777    36669.465
    1431.119       23.000    28852.398    36739.754
    1432.120       46.900    29412.109    36739.754
    1433.121      823.900    29891.898    36739.754
    1434.123     3495.400    31761.789    38609.824
    1435.124       11.000    31761.789    38609.824
    1436.126       11.000    31761.789    38609.824
    1437.127       11.000    31761.789    38609.824
    1438.128       32.000    28843.961    36298.883
    1439.130       47.900    29403.930    36298.883
    1440.131     2876.300    30658.988    37507.770
    1441.133       11.000    30658.988    37507.770
    1442.134       16.000    29450.332    36298.883
    1443.136        0.000    29450.332    36298.883
    1444.137       19.000    28823.949    36739.754
    1445.139       48.900    29385.207    36739.754
    1446.140      581.100    29892.027    36739.754
    1447.142     3682.100    31761.441    38609.824
    1448.144       10.000    31761.441    38609.824
    1449.145       11.000    31761.441    38609.824
    1450.146       11.000    31761.441    38609.824
    1451.148       29.000    28801.008    36298.883
    1452.149       48.900    29362.781    36298.883
    1453.151     2895.200    30660.293    37507.770
    1454.152       12.000    30660.293    37507.770
    1455.154       10.000    30660.293    37507.770
    1456.155        7.000    29451.531    36298.883
    1457.157        0.000    29451.531    36298.883
    1458.158        0.000    29451.531    36298.883
    1459.160        0.000    29451.531    36298.883
    1460.161        0.000    29451.531    36298.883
    1461.162        1.000    29451.531    36298.883
    1462.164        0.000    29451.531    36298.883
    1463.165        0.000    29451.531    36298.883
    1464.167        1.000    29451.531    36298.883
    1465.168       82.900    29476.383    36743.508
    1466.169     3439.400    29901.863    36743.508
    1467.171      921.500    31770.945    38619.207
    1468.173       24.000    31770.945    38619.207
    1469.174       38.900    29021.188    36301.262
    1470.175     2390.600    29453.023    36301.262
    1471.177      521.300    30664.742    37513.715
    1472.178       16.000    29452.348    36301.262
    1473.180        0.000    29452.348    36301.262
    1474.181       61.900    29599.344    36743.508
    1475.183     3557.000    29894.539    36743.508
    1476.184      747.900    31771.414    38619.207
    1477.185       26.000    31771.414    38619.207
    1478.187       43.900    29134.453    36301.262
    1479.188     2894.600    30665.602    37513.715
    1480.190       27.000    30665.602    37513.715
    1481.191       11.000    29453.207    36301.262
    1482.193        1.000    29453.207    36301.262
    1483.194        0.000    29453.207    36301.262
    1484.195        0.000    29453.207    36301.262
    1485.196        0.000    29453.207    36301.262
    1486.198        1.000    29453.207    36301.262
    1487.199        0.000    29453.207    36301.262
    1488.201        0.000    29453.207    36301.262
    1489.202        0.000    29453.207    36301.262
    1490.204       39.900    29195.953    36743.508
    1491.205     1961.200    29899.988    36743.508
    1492.207     2404.600    31771.031    38619.207
    1493.208       32.000    31771.031    38619.207
    1494.209       32.000    28740.965    36301.262
    1495.211     1895.400    29454.484    36301.262
    1496.212     1021.500    30664.969    37513.715
    1497.214       23.000    29452.574    36301.262
    1498.215        0.000    29452.574    36301.262
    1499.217       21.000    28877.953    36743.508
    1500.218       45.900    29438.438    36743.508
    1501.220     1077.500    29897.801    36743.508
    1502.221     3274.200    31771.457    38619.207
    1503.223       11.000    31771.457    38619.207
    1504.224       10.000    31771.457    38619.207
    1505.225       12.000    31771.457    38619.207
    1506.227       32.000    28844.773    36301.262
    1507.228       46.900    29407.578    36301.262
    1508.230     2854.300    30665.969    37513.715
    1509.231       11.000    30665.969    37513.715
    1510.233       12.000    30211.625    37513.715
    1511.234        4.000    29453.766    36301.262
    1512.236        0.000    29453.766    36301.262
    1513.237        0.000    29453.766    36301.262
    1514.239        0.000    29453.766    36301.262
    1515.240        0.000    29453.766    36301.262
    1516.242        0.000    29453.766    36301.262
    1517.243        1.000    29453.766    36301.262
    1518.245        1.000    29453.766    36301.262
    1519.246        0.000    29453.766    36301.262
    1520.248        0.000    29453.766    36301.262
    1521.249        1.000    29453.766    36301.262
    1522.250        0.000    29453.766    36301.262
    1523.252        0.000    29453.766    36301.262
    1524.253        0.000    29453.766    36301.262
    1525.254        0.000    29453.766    36301.262
    1526.256        1.000    29453.766    36301.262
    1527.258        0.000    29453.766    36301.262
    1528.259        0.000    29453.766    36301.262
    1529.260        1.000    29453.766    36301.262
    1530.262        0.000    29453.766    36301.262
    1531.263        0.000    29453.766    36301.262
    1532.265        1.000    29453.766    36301.262
    1533.266        0.000    29453.766    36301.262
    1534.268        0.000    29453.766    36301.262
    1535.269        0.000    29453.766    36301.262
    1536.271        1.000    29453.766    36301.262
    1537.272        0.000    29453.766    36301.262
    1538.274        0.000    29453.766    36301.262
    1539.275        1.000    29453.766    36301.262
    1540.277        0.000    29453.766    36301.262
    1541.278        1.000    29453.766    36301.262
    1542.280        0.000    29453.766    36301.262
    1543.281        0.000    29453.766    36301.262
    1544.283        0.000    29453.766    36301.262
    1545.284        1.000    29453.766    36301.262
    1546.286        1.000    29453.766    36301.262
    1547.287        0.000    29453.766    36301.262
    1548.289        0.000    29453.766    36301.262
    1549.290        1.000    29453.766    36301.262
    1550.292        0.000    29453.766    36301.262
    1551.293        0.000    29453.766    36301.262
    1552.295        0.000    29453.766    36301.262
    1553.296        1.000    29453.766    36301.262
    1554.298        0.000    29453.766    36301.262
    1555.300        0.000    29453.766    36301.262
    1556.301        1.000    29453.766    36301.262
    1557.303        0.000    29453.766    36301.262
    1558.304       19.000    28794.840    36743.508
    1559.306       99.800    29845.941    36743.508
    1560.307     4300.800    31770.367    38619.207
    1561.309       26.000    31770.367    38619.207
    1562.310       31.000    29894.906    36743.508
    1563.312       72.900    29329.211    36743.508
    1564.313     2535.500    29899.539    36743.508
    1565.315     1756.200    31770.469    38619.207
    1566.316       21.000    31770.469    38619.207
    1567.317       40.900    28924.738    36743.508
    1568.319      378.500    29894.887    36743.508
    1569.320     3993.600    31771.699    38619.207
    1570.322       20.000    31771.699    38619.207
    1571.323       22.000    29896.113    36743.508
    1572.325       71.900    29340.215    36743.508
    1573.326     2604.100    29899.316    36743.508
    1574.328     1706.300    31771.414    38619.207
    1575.329       20.000    31771.414    38619.207
    1576.331       29.000    28733.230    36743.508
    1577.333       98.800    29748.238    36743.508
    1578.334     3585.500    29901.246    36743.508
    1579.335      734.900    31771.281    38619.207
    1580.337       22.000    31082.684    38619.207
    1581.339       51.900    29076.762    36743.508
    1582.340     1175.200    29897.609    36743.508
    1583.342     3245.100    31770.734    38619.207
    1584.343       20.000    31770.734    38619.207
    1585.345       26.000    29895.141    36743.508
    1586.346     1356.900    30405.395    37253.699
    1587.348        4.000    29895.387    36743.508
    1588.349        0.000    29895.387    36743.508
    1589.351        0.000    29895.387    36743.508
    1590.352        0.000    29895.387    36743.508
    1591.354        0.000    29895.387    36743.508
    1592.355        1.000    29895.387    36743.508
    1593.357        0.000    29895.387    36743.508
    1594.358        0.000    29895.387    36743.508
    1595.360        1.000    29895.387    36743.508
    1596.361       56.900    29997.852    36850.844
    1597.363       94.800    14206.824    21665.199
