# Elapsed time   CPU (%)     Real (MB)   Virtual (MB)
       0.003        0.000     5427.656    12179.828
       1.004       11.000     5548.047    12814.547
       2.006       46.900     6109.535    12814.547
       3.007     2331.900     6469.926    12817.223
       4.008     1649.700     7987.137    14341.227
       5.010       12.000     7987.137    14341.227
       6.011       19.000     7987.137    14341.227
       7.012       16.000     5857.008    12817.223
       8.013       49.900     5994.273    12817.223
       9.014      974.700     6471.523    12817.223
      10.016     2914.700     7988.582    14341.227
      11.017       19.000     7988.582    14341.227
      12.019       20.000     7988.582    14341.227
      13.020       15.000     6464.672    12817.223
      14.022       40.900     5861.234    12817.223
      15.023       47.900     6428.164    12817.223
      16.025     3761.700     7991.176    14341.227
      17.026       19.000     7991.176    14341.227
      18.027       18.000     7991.176    14341.227
      19.029       22.000     6467.172    12817.223
      20.030       27.000     5701.312    12498.547
      21.032     1204.300     6155.000    12498.547
      22.033     1506.600     7194.336    13544.625
      23.035       19.000     7194.336    13544.625
      24.036       11.000     6148.492    12498.547
      25.038        1.000     6148.492    12498.547
      26.040        0.000     6148.492    12498.547
      27.041       34.900     5827.895    12817.223
      28.043       47.900     6387.348    12817.223
      29.044     3858.900     7575.363    14341.227
      30.046      245.700     7990.695    14341.227
      31.047       19.000     7990.695    14341.227
      32.048       21.000     6466.789    12817.223
      33.049       43.900     5926.516    12817.223
      34.051      239.700     6472.359    12817.223
      35.052     3817.700     7990.703    14341.227
      36.053       19.000     7990.703    14341.227
      37.055       17.000     7990.703    14341.227
      38.056       17.000     6466.879    12817.223
      39.057       48.900     5943.105    12817.223
      40.059      631.200     6472.992    12817.223
      41.060     3281.800     7991.926    14341.227
      42.061       19.000     7991.926    14341.227
      43.063       18.000     7991.926    14341.227
      44.064       27.000     5533.098    12498.547
      45.065       51.900     6141.020    12498.547
      46.067     2800.800     7194.586    13544.625
      47.068       10.000     7194.586    13544.625
      48.070       11.000     6148.516    12498.547
      49.071        0.000     6148.516    12498.547
      50.073        0.000     6148.516    12498.547
      51.074        1.000     6148.516    12498.547
      52.076        0.000     6148.516    12498.547
      53.077        0.000     6148.516    12498.547
      54.079       15.000     5574.746    12999.574
      55.080       48.900     6144.512    12999.574
      56.082      584.200     6656.941    13000.570
      57.083     3956.400     8447.902    14798.051
      58.084       19.000     8447.902    14798.051
      59.086       19.000     8447.902    14798.051
      60.087       19.000     8447.902    14798.051
      61.088       30.000     5596.023    13000.570
      62.089       48.900     6157.539    13000.570
      63.091      728.000     6657.129    13000.570
      64.092     3597.400     8448.266    14798.051
      65.094       12.000     8448.266    14798.051
      66.095       19.000     8448.266    14798.051
      67.097       19.000     8448.266    14798.051
      68.098       32.000     5630.645    13000.695
      69.099       48.900     6189.840    13000.695
      70.100     1016.200     6652.375    13000.695
      71.102     3108.200     8449.219    14798.363
      72.103       19.000     8449.219    14798.363
      73.105       18.000     8449.219    14798.363
      74.106       23.000     6651.555    13000.695
      75.108       34.900     5770.250    13000.570
      76.109       47.900     6328.672    13000.570
      77.111     2388.500     6656.879    13000.570
      78.112     1834.300     8448.586    14798.051
      79.114       18.000     8448.586    14798.051
      80.115       18.000     8448.586    14798.051
      81.117       22.000     6651.176    13000.570
      82.118       35.900     5791.395    13000.570
      83.120       48.900     6349.301    13000.570
      84.121     2588.500     6658.395    13000.570
      85.122     1577.500     8447.969    14798.051
      86.124       18.000     8447.969    14798.051
      87.125       19.000     8447.969    14798.051
      88.127       22.000     6650.738    13000.570
      89.128       35.900     5786.832    13000.695
      90.130       48.900     6346.285    13000.695
      91.132     2545.100     6658.555    13000.695
      92.133     1745.200     8449.160    14798.363
      93.137       19.900     8449.160    14798.363
      94.139       19.000     8449.160    14798.363
      95.140       21.000     6651.715    13000.695
      96.142       33.000     5752.879    13000.570
      97.143       47.900     6320.324    13000.570
      98.144     2313.700     6658.430    13000.570
      99.146     1987.100     8448.273    14798.051
     100.147       19.000     8448.273    14798.051
     101.149       19.000     8448.273    14798.051
     102.150       24.000     6650.793    13000.570
     103.152       26.000     5680.152    13000.570
     104.153       48.900     6239.605    13000.570
     105.155     1501.900     6658.430    13000.570
     106.156     2710.000     8448.895    14798.051
     107.158       11.000     8448.895    14798.051
     108.159       11.000     8448.895    14798.051
     109.160       18.000     6651.527    13000.570
     110.162       29.000     5738.379    13000.695
     111.163       47.900     6298.348    13000.695
     112.165     2090.000     6657.879    13000.695
     113.166     2142.600     8448.957    14798.363
     114.168       19.000     8448.957    14798.363
     115.169       19.000     8448.957    14798.363
     116.171       24.000     6651.410    13000.695
     117.173       25.000     5669.301    13000.570
     118.174       47.900     6229.785    13000.570
     119.176     1392.000     6655.184    13000.570
     120.177     2784.500     8447.895    14798.051
     121.179       19.000     8447.895    14798.051
     122.180       18.000     8447.895    14798.051
     123.182       20.000     7955.434    14798.051
     124.183       28.000     5631.836    13000.570
     125.184       46.900     6193.094    13000.570
     126.186     1092.400     6658.504    13000.570
     127.187     3207.800     8449.277    14798.051
     128.189       18.000     8449.277    14798.051
     129.190       17.000     8449.277    14798.051
     130.192       20.000     8449.277    14798.051
     131.193      436.200     6651.965    13000.570
     132.195        0.000     6651.965    13000.570
     133.197        1.000     6651.965    13000.570
     134.198        0.000     6651.965    13000.570
     135.199       34.000     5771.816    13000.570
     136.201       47.900     6334.621    13000.570
     137.202     2432.500     6659.094    13000.570
     138.204     1844.300     8450.211    14798.051
     139.205       11.000     8450.211    14798.051
     140.206       10.000     8450.211    14798.051
     141.208       20.000     6652.734    13000.570
     142.209       33.900     5779.031    13000.570
     143.211       49.900     6366.328    13000.570
     144.212     3113.400     6659.094    13000.570
     145.214     1253.000     8449.934    14798.051
     146.215       18.000     8449.934    14798.051
     147.217       18.000     8449.934    14798.051
     148.218       22.000     6652.512    13000.570
     149.220       41.900     5885.285    12718.789
     150.221      774.900     6377.035    12718.789
     151.223     2645.700     7745.383    14093.676
     152.225       18.000     7745.383    14093.676
     153.226       18.000     7745.383    14093.676
     154.228       10.000     6370.574    12718.789
     155.230        0.000     6370.574    12718.789
     156.231       16.000     5567.504    13052.727
     157.232       46.900     6127.473    13052.727
     158.234       47.900     6687.184    13052.727
     159.235     4144.400     7906.738    14928.426
     160.237      348.400     8579.344    14928.426
     161.239       18.000     8579.344    14928.426
     162.240       19.000     8579.344    14928.426
     163.241       17.000     6703.645    13052.727
     164.243       48.900     5960.574    13052.727
     165.244       46.900     6523.895    13052.727
     166.246     3611.800     6711.203    13052.727
     167.247      800.700     8580.484    14928.426
     168.249       18.000     8580.484    14928.426
     169.251       18.000     8580.484    14928.426
     170.252       24.000     6704.785    13052.727
     171.254       39.900     5844.152    12758.562
     172.255       46.900     6404.121    12758.562
     173.256     3368.700     7843.992    14193.098
     174.258       18.000     7843.992    14193.098
     175.260       20.000     7843.992    14193.098
     176.261       14.000     6409.641    12758.562
     177.263        0.000     6409.641    12758.562
     178.264        1.000     6409.641    12758.562
     179.266       30.000     5742.883    13052.727
     180.267       46.900     6302.336    13052.727
     181.269     1605.600     6711.004    13052.727
     182.270     2750.600     8579.531    14928.426
     183.272       18.000     8579.531    14928.426
     184.273       19.000     8579.531    14928.426
     185.275       19.000     8579.531    14928.426
     186.276       30.000     5610.617    13052.727
     187.278       46.900     6175.484    13052.727
     188.279      358.500     6707.543    13052.727
     189.281     4180.900     8579.301    14928.426
     190.282       18.000     8579.301    14928.426
     191.283       18.000     8579.301    14928.426
     192.285       20.000     8579.301    14928.426
     193.286       27.000     5535.602    12758.562
     194.288       48.900     6101.242    12758.562
     195.289     2544.300     6417.137    12758.562
     196.291      904.700     7844.707    14193.098
     197.292       19.000     7844.707    14193.098
     198.294       23.000     6656.824    14193.098
     199.295        2.000     6410.348    12758.562
     200.297        0.000     6410.348    12758.562
     201.298       21.000     5632.730    13052.727
     202.300       47.900     6209.199    13052.727
     203.301      762.900     6709.672    13052.727
     204.303     3679.100     8579.160    14928.426
     205.304       18.000     8579.160    14928.426
     206.306       20.000     8579.160    14928.426
     207.307       18.000     8579.160    14928.426
     208.309       24.000     5498.102    13052.727
     209.310       47.900     6058.070    13052.727
     210.312       47.900     6629.125    13052.727
     211.313     3713.600     6711.301    13052.727
     212.314      793.700     8578.668    14928.426
     213.316       19.000     8578.668    14928.426
     214.317       20.000     8578.668    14928.426
     215.319       18.000     6665.203    13052.727
     216.321       51.900     5998.945    12758.562
     217.322     1521.800     6417.023    12758.562
     218.323     1931.900     7844.184    14193.098
     219.325       19.000     7844.184    14193.098
     220.326       19.000     7844.184    14193.098
     221.328        8.000     6409.656    12758.562
     222.330       41.900     5885.469    12666.512
     223.331     1326.100     6318.672    12666.512
     224.332     1844.300     7614.840    13962.996
     225.334       18.000     7614.840    13962.996
     226.335       22.000     6318.457    12666.512
     227.337        0.000     6318.457    12666.512
     228.338       12.000     5555.289    13052.727
     229.340       50.900     6167.078    13052.727
     230.341      848.800     6704.855    13052.727
     231.343     3567.700     8579.184    14928.426
     232.344       13.000     8579.184    14928.426
     233.345       20.000     8579.184    14928.426
     234.347       23.000     6703.629    13052.727
     235.348     1524.800     5935.742    12280.297
     236.350      351.400     6649.238    12997.566
     237.351        9.000     5932.117    12280.297
     238.353        6.000     5484.266    13052.727
     239.354       52.900     6103.789    13052.727
     240.356      453.300     6705.977    13052.727
     241.357     3962.200     8579.754    14928.426
     242.359       23.000     8579.754    14928.426
     243.360       22.000     8579.754    14928.426
     244.362       25.000     6704.227    13052.727
     245.363     1426.800     5938.152    12280.297
     246.365      442.400     6649.430    12997.566
     247.366       10.000     5932.418    12280.297
     248.368        0.000     5932.418    12280.297
     249.369        0.000     5932.418    12280.297
     250.371       50.900     6003.285    13052.727
     251.372       54.900     6656.582    13052.727
     252.374     3990.600     7543.480    14928.426
     253.376      469.200     8580.391    14928.426
     254.377       22.000     8580.391    14928.426
     255.379       27.000     6704.766    13052.727
     256.380       46.900     5931.531    12280.297
     257.382     1810.300     6648.691    12997.566
     258.383       15.000     5931.473    12280.297
     259.385        0.000     5931.473    12280.297
     260.387       34.900     5812.074    13052.727
     261.388       50.900     6414.582    13052.727
     262.389     2975.700     6711.332    13052.727
     263.391     1377.000     8580.227    14928.426
     264.392       23.000     8580.227    14928.426
     265.394       21.000     8580.227    14928.426
     266.395       39.900     5661.219    12280.297
     267.397     1783.000     6648.898    12997.566
     268.398       22.000     5931.711    12280.297
     269.400        1.000     5931.711    12280.297
     270.401        1.000     5931.711    12280.297
     271.403        0.000     5931.711    12280.297
     272.404       53.900     6152.625    13052.727
     273.406     1375.000     6704.086    13052.727
     274.407     2981.500     8579.672    14928.426
     275.409       23.000     8579.672    14928.426
     276.410       23.000     8579.672    14928.426
     277.412       40.900     5720.219    12280.297
     278.413     1796.300     6648.086    12997.566
     279.415       22.000     5930.898    12280.297
     280.416       32.000     5829.031    12234.270
     281.418     1627.300     6533.523    12882.512
     282.420       12.000     5885.461    12234.270
     283.421        7.000     5502.715    12450.391
     284.422      366.500     6104.668    12450.391
     285.424     2030.900     7073.434    13422.754
     286.425       25.000     6157.961    13422.754
     287.427       14.000     5556.586    12450.391
     288.428     1398.000     6108.926    12450.391
     289.429     1019.500     7074.145    13422.754
     290.431       15.000     6101.812    12450.391
     291.432        0.000     6101.812    12450.391
     292.433       30.000     5756.891    12450.391
     293.435     1928.200     6109.023    12450.391
     294.436      458.300     7074.531    13422.754
     295.438       17.000     6102.199    12450.391
     296.440       32.900     5776.613    12450.391
     297.441     1929.200     6109.023    12450.391
     298.443      464.300     7074.035    13422.754
     299.444       18.000     6101.812    12450.391
     300.446        0.000     6101.812    12450.391
     301.447       36.900     5843.516    12450.391
     302.449     2332.700     7074.363    13422.754
     303.450       57.900     7074.363    13422.754
     304.452       16.000     6102.227    12450.391
     305.453       38.900     5849.859    12450.391
     306.455     2342.600     7074.219    13422.754
     307.456       12.000     7074.219    13422.754
     308.458       11.000     6101.992    12450.391
     309.459        0.000     6101.992    12450.391
     310.460       51.900     6010.500    12450.391
     311.462     2416.500     7074.270    13422.754
     312.463       26.000     6572.727    13422.754
     313.465       21.000     5614.844    12450.391
     314.466     1903.300     6102.223    12450.391
     315.467      445.400     7074.758    13422.754
     316.469       15.000     6102.535    12450.391
     317.471        0.000     6102.535    12450.391
     318.472        9.000     5508.566    12666.512
     319.474       56.900     6188.676    12666.512
     320.475     2949.500     7615.680    13962.996
     321.477       22.000     7615.680    13962.996
     322.478       20.000     6319.383    12666.512
     323.480       23.000     5665.527    12666.512
     324.481       65.900     6319.340    12666.512
     325.483     2929.400     7613.500    13962.996
     326.484       23.000     7613.500    13962.996
     327.486       17.000     6317.113    12666.512
     328.487        0.000     6317.113    12666.512
     329.489        0.000     6317.113    12666.512
     330.490       49.900     5959.484    12666.512
     331.492     2598.800     6684.703    13962.996
     332.494      433.200     7615.148    13962.996
     333.495       21.000     7615.148    13962.996
     334.497        8.000     6318.762    12666.512
     335.498       60.900     6110.922    12666.512
     336.500     3058.200     7614.984    13962.996
     337.502       22.000     7614.984    13962.996
     338.503       25.000     6318.656    12666.512
     339.505        0.000     6318.656    12666.512
     340.506        0.000     6318.656    12666.512
     341.508       22.000     5645.723    12666.512
     342.509       53.900     6276.074    12666.512
     343.511     3068.100     7613.098    13962.996
     344.512       23.000     7613.098    13962.996
     345.514       19.000     6316.766    12666.512
     346.515      907.600     6642.664    13047.984
     347.517        9.000     6318.660    12666.512
     348.519       10.000     6318.660    12666.512
     349.520     1475.700     6884.988    13233.723
     350.522       17.000     6318.023    12666.512
     351.523       18.000     6318.023    12666.512
     352.525     1445.700     6885.500    13233.723
     353.526       16.000     6318.422    12666.512
     354.528        0.000     6318.422    12666.512
     355.529       24.000     6318.422    12666.512
     356.531     1477.600     6885.922    13233.723
     357.533       10.000     6318.844    12666.512
     358.534     1100.300     6324.773    12666.512
     359.536      381.500     6885.355    13233.723
     360.537        5.000     6318.391    12666.512
     361.539        0.000     6318.391    12666.512
     362.540     1459.900     6885.344    13233.723
     363.542       21.000     6318.391    12666.512
     364.543       10.000     6318.391    12666.512
     365.545     1432.800     6886.688    13233.723
     366.546       16.000     6319.676    12666.512
     367.548        0.000     6319.676    12666.512
     368.549        0.000     6319.676    12666.512
     369.551        0.000     6319.676    12666.512
     370.552        1.000     6319.676    12666.512
     371.554        0.000     6319.676    12666.512
     372.555        0.000     6319.676    12666.512
     373.557        1.000     6319.676    12666.512
     374.558        0.000     6319.676    12666.512
     375.560       51.900     6010.773    13052.727
     376.561      356.500     6705.891    13052.727
     377.563     4101.400     8580.262    14928.426
     378.565       22.000     8580.262    14928.426
     379.566       23.000     8580.262    14928.426
     380.567       32.000     6704.750    13052.727
     381.569      770.800     6705.070    13052.727
     382.570        0.000     6705.070    13052.727
     383.572        1.000     6705.070    13052.727
     384.573        0.000     6705.070    13052.727
     385.575        0.000     6705.070    13052.727
     386.577        1.000     6705.070    13052.727
     387.578        0.000     6705.070    13052.727
     388.579       49.900     6782.023    13129.648
