# Elapsed time   CPU (%)     Real (MB)   Virtual (MB)
       0.002        0.000    21086.609    28436.102
       1.003        1.000    21086.609    28436.102
       2.004        0.000    21086.609    28436.102
       3.006        0.000    21086.609    28436.102
       4.007        1.000    21086.609    28436.102
       5.009        0.000    21086.609    28436.102
       6.010        0.000    21086.609    28436.102
       7.012        0.000    21086.609    28436.102
       8.013        1.000    21086.609    28436.102
       9.015        0.000    21086.609    28436.102
      10.017        0.000    21086.609    28436.102
      11.018        1.000    21086.609    28436.102
      12.019        0.000    21086.609    28436.102
      13.021        0.000    21086.609    28436.102
      14.023        1.000    21086.609    28436.102
      15.024        0.000    21086.609    28436.102
      16.026      818.800    21971.668    28916.879
      17.027     2530.300    23254.848    30206.422
      18.028       19.000    23254.895    30206.422
      19.030       48.900    21452.496    28916.879
      20.031     2627.400    21971.805    28916.879
      21.032      621.100    23255.215    30206.422
      22.034       38.900    21264.230    28916.879
      23.035     1906.100    21971.578    28916.879
      24.037     1295.000    23255.863    30206.422
      25.038       26.000    21966.492    28916.879
      26.040      695.000    21971.000    28916.879
      27.041     2549.400    23257.621    30206.422
      28.043       33.000    21968.121    28916.879
      29.044       70.900    21889.176    28916.879
      30.045     3150.500    23256.762    30206.422
      31.047       31.000    23256.762    30206.422
      32.048       62.900    21684.309    28916.879
      33.049     3039.900    23242.605    30206.422
      34.051      118.800    23257.496    30206.422
      35.052       45.900    21444.570    28916.879
      36.053     2500.600    21974.750    28916.879
      37.055      599.100    23256.742    30206.422
      38.056       35.000    21215.520    28916.879
      39.058     1692.700    21973.648    28916.879
      40.059     1497.700    23256.680    30206.422
      41.061       29.000    21967.375    28916.879
      42.062      465.400    21971.508    28916.879
      43.063     2663.100    23256.793    30206.422
      44.065       34.000    21967.355    28916.879
      45.066       62.900    21786.574    28916.879
      46.067     3061.500    23257.145    30206.422
      47.069       32.000    23257.145    30206.422
      48.070       51.900    21538.445    28916.879
      49.071     2572.400    21974.723    28916.879
      50.073      556.100    23257.504    30206.422
      51.074       38.900    21277.520    28916.879
      52.076     1950.300    21974.824    28916.879
      53.077     1231.200    23257.223    30206.422
      54.079       27.000    21967.848    28916.879
      55.080      151.800    21968.359    28916.879
      56.081     2983.700    23257.570    30206.422
      57.083       32.000    22992.496    30206.422
      58.084       57.900    21651.742    28916.879
      59.085     2905.800    22890.816    30206.422
      60.088      232.600    23257.070    30206.422
      61.089       34.000    21282.371    28698.133
      62.090     2311.800    22706.520    29659.617
      63.092      117.800    22020.719    29659.617
      64.093        2.000    21749.051    28698.133
      65.094        0.000    21749.051    28698.133
      66.096        0.000    21749.051    28698.133
      67.097        1.000    21749.051    28698.133
      68.098        0.000    21749.051    28698.133
      69.100        0.000    21749.051    28698.133
      70.101        1.000    21749.051    28698.133
      71.103        0.000    21749.051    28698.133
      72.105        1.000    21749.051    28698.133
      73.106        0.000    21749.051    28698.133
      74.108       51.900    21614.797    28916.879
      75.109     2719.800    22385.609    30206.422
      76.111      414.300    23257.961    30206.422
      77.113       44.900    21389.156    28916.879
      78.114     2506.500    21974.535    28916.879
      79.115      625.100    23256.766    30206.422
      80.117       29.000    21128.473    28916.879
      81.118     1143.400    21972.191    28916.879
      82.120     2016.100    23258.332    30206.422
      83.121       32.000    21968.828    28916.879
      84.122       57.900    21931.648    28916.879
      85.124     3123.500    23257.867    30206.422
      86.125       19.000    23257.867    30206.422
      87.126       44.900    21635.742    28916.879
      88.128     2908.700    22517.414    30206.422
      89.130      390.300    23257.336    30206.422
      90.131       39.900    21348.867    28916.879
      91.133     2348.800    21975.082    28916.879
      92.134      727.900    23257.137    30206.422
      93.136       24.000    21967.824    28916.879
      94.137      736.000    21973.824    28916.879
      95.138     2378.500    23256.617    30206.422
      96.140       34.000    21967.180    28916.879
      97.141       64.900    21822.492    28916.879
      98.142     3055.300    23258.094    30206.422
      99.144       33.000    23258.094    30206.422
     100.145       56.900    21621.879    28916.879
     101.146     2672.300    22554.289    30206.422
     102.149      363.400    23257.129    30206.422
     103.150       40.900    21369.445    28916.879
     104.151     2493.500    21975.074    28916.879
     105.153      614.100    23257.340    30206.422
     106.154       19.000    21109.430    28916.879
     107.156      989.500    21972.930    28916.879
     108.157     2099.600    23257.305    30206.422
     109.159       23.000    21967.801    28916.879
     110.160       66.900    21772.066    28916.879
     111.162     3092.300    23258.020    30206.422
     112.163       20.000    23258.020    30206.422
     113.165       42.900    21439.555    28916.879
     114.166     2493.200    21974.914    28916.879
     115.168      593.100    23257.496    30206.422
     116.169       17.000    21475.648    28916.879
     117.171      945.700    21973.637    28916.879
     118.172     2155.600    23257.902    30206.422
     119.174       23.000    21968.383    28916.879
     120.175      430.400    21752.141    28698.133
     121.177     1949.900    22711.211    29659.617
     122.179       13.000    21749.930    28698.133
     123.180        0.000    21749.930    28698.133
     124.182        0.000    21749.930    28698.133
     125.183        1.000    21749.930    28698.133
     126.185        0.000    21749.930    28698.133
     127.186        0.000    21749.930    28698.133
     128.187        0.000    21749.930    28698.133
     129.189        0.000    21749.930    28698.133
     130.190        1.000    21749.930    28698.133
     131.192        0.000    21749.930    28698.133
     132.193        0.000    21749.930    28698.133
     133.194        0.000    21749.930    28698.133
     134.196        0.000    21749.930    28698.133
     135.197        0.000    21749.930    28698.133
     136.198        1.000    21749.930    28698.133
     137.200        0.000    21749.930    28698.133
     138.201        0.000    21749.930    28698.133
     139.203        1.000    21749.930    28698.133
     140.204        0.000    21749.930    28698.133
     141.206        0.000    21749.930    28698.133
     142.207        0.000    21749.930    28698.133
     143.209        1.000    21749.930    28698.133
     144.210        0.000    21749.930    28698.133
     145.212        0.000    21749.930    28698.133
     146.213        1.000    21749.930    28698.133
     147.215       81.900    21976.355    29307.723
     148.216     3568.700    22367.508    29308.770
     149.218      894.700    24235.465    31184.469
     150.219       31.000    24235.465    31184.469
     151.221       28.000    21249.133    29308.770
     152.222       64.900    22317.766    29308.770
     153.224     3963.600    23130.027    31184.469
     154.226      474.200    24236.227    31184.469
     155.227       34.000    23137.715    31184.469
     156.229       30.000    21490.961    29308.770
     157.230      895.700    22366.004    29308.770
     158.231     3555.900    24236.539    31184.469
     159.233       31.000    24236.539    31184.469
     160.234       29.000    22360.863    29308.770
     161.236       44.900    21782.793    29308.770
     162.237     2551.300    22367.469    29308.770
     163.239     1843.300    24235.531    31184.469
     164.240       30.000    24235.531    31184.469
     165.242       23.000    22359.930    29308.770
     166.243       52.900    21920.562    29308.770
     167.245     3101.600    22367.570    29308.770
     168.246     1426.900    24236.684    31184.469
     169.248       30.000    24236.684    31184.469
     170.249       26.000    21147.242    29308.770
     171.251       61.900    22187.258    29308.770
     172.252     3597.900    22367.570    29308.770
     173.253      753.800    24235.312    31184.469
     174.255       29.000    24235.312    31184.469
     175.257       34.000    21398.848    29308.770
     176.258      485.600    22365.742    29308.770
     177.259     3975.200    24235.812    31184.469
     178.260       18.000    24235.812    31184.469
     179.262       24.000    22360.297    29308.770
     180.263       42.900    21663.082    29308.770
     181.264     1940.300    22366.648    29308.770
     182.266     2699.600    24234.887    31184.469
     183.268       19.000    24234.887    31184.469
     184.269       21.000    22359.352    29308.770
     185.271       75.900    21887.496    29308.770
     186.272     3159.600    22364.750    29308.770
     187.273     1485.700    24235.602    31184.469
     188.275       31.000    24235.602    31184.469
     189.276       21.000    21614.219    29308.770
     190.278       63.900    22119.031    29308.770
     191.279     3735.700    22367.527    29308.770
     192.281      860.800    24235.574    31184.469
     193.282       33.000    24235.574    31184.469
     194.283       30.000    21337.289    29308.770
     195.285       60.900    22343.273    29308.770
     196.286     4150.400    23507.930    31184.469
     197.288      317.400    24236.484    31184.469
     198.290       33.900    22361.023    29308.770
     199.292       34.900    21610.477    29308.770
     200.293     1625.700    22367.051    29308.770
     201.294     2911.400    24234.922    31184.469
     202.296       32.000    24234.922    31184.469
     203.297       26.000    22359.434    29308.770
     204.299       51.900    21893.254    29308.770
     205.300     3033.800    22367.262    29308.770
     206.302     1484.000    24236.016    31184.469
     207.303       28.000    24236.016    31184.469
     208.305       23.000    21115.301    29308.770
     209.306       66.900    22170.785    29308.770
     210.307     3759.800    22366.711    29308.770
     211.309      745.900    24235.688    31184.469
     212.310       20.000    24235.688    31184.469
     213.311       29.000    21324.148    29308.770
     214.313       59.900    22287.594    29308.770
     215.314     3742.300    22450.281    31184.469
     216.316      676.900    24236.148    31184.469
     217.318       35.000    22842.566    31184.469
     218.319       29.000    21499.340    29308.770
     219.320     1115.400    22363.918    29308.770
     220.322     3274.800    24236.625    31184.469
     221.323       17.000    24236.625    31184.469
     222.324       24.000    22361.066    29308.770
     223.326       44.900    21700.496    29308.770
     224.327     2132.000    22365.562    29308.770
     225.329     2316.700    24236.141    31184.469
     226.330       28.000    24236.141    31184.469
     227.331       22.000    22360.656    29308.770
     228.333       56.900    21954.547    29308.770
     229.334     3448.200    22367.570    29308.770
     230.336      979.500    24236.633    31184.469
     231.337       19.000    24236.633    31184.469
     232.339       14.000    22361.090    29308.770
     233.340       83.900    22001.387    29308.770
     234.341     3573.100    22367.570    29308.770
     235.343      856.800    24237.035    31184.469
     236.344       20.000    24237.035    31184.469
     237.346       13.000    22361.551    29308.770
     238.347       99.900    22084.090    29308.770
     239.348     3570.100    22366.582    29308.770
     240.350      726.900    24235.727    31184.469
     241.351       20.000    24235.727    31184.469
     242.353       14.000    21488.895    29308.770
     243.354       66.900    22112.129    29308.770
     244.355     3593.900    22366.898    29308.770
     245.356      720.900    24236.047    31184.469
     246.358       19.000    24236.047    31184.469
     247.360       30.000    21246.590    29308.770
     248.361      100.900    22279.387    29308.770
     249.362     4197.400    24235.410    31184.469
     250.364       19.000    24235.410    31184.469
     251.365       23.000    22359.758    29308.770
     252.367       46.900    21565.125    29308.770
     253.368     1246.300    22364.285    29308.770
     254.369     3126.200    24235.680    31184.469
     255.371       18.000    24235.680    31184.469
     256.372       22.000    22360.027    29308.770
     257.374       59.900    21710.801    29308.770
     258.375     2245.600    22366.801    29308.770
     259.377     2128.700    24236.332    31184.469
     260.378       20.000    24236.332    31184.469
     261.380       18.000    22360.738    29308.770
     262.381       77.900    21915.184    29308.770
     263.382     3098.900    22367.293    29308.770
     264.384     1190.100    24236.508    31184.469
     265.386       18.000    24236.508    31184.469
     266.387       16.000    22360.840    29308.770
     267.388       94.900    22053.730    29308.770
     268.390     3562.900    22367.488    29308.770
     269.391      818.800    24235.957    31184.469
     270.393       30.000    24235.957    31184.469
     271.394       23.000    21152.891    29308.770
     272.395       62.900    22179.758    29308.770
     273.397     3584.900    22366.969    29308.770
     274.398      746.900    24236.551    31184.469
     275.400       30.000    24236.551    31184.469
     276.401       26.000    21266.555    29308.770
     277.402       62.900    22284.398    29308.770
     278.404     3730.300    22710.301    31184.469
     279.406      639.900    24237.582    31184.469
     280.407       33.000    23783.023    31184.469
     281.409       31.000    21458.488    29308.770
     282.410      888.700    22364.273    29308.770
     283.411     3572.400    24235.887    31184.469
     284.413       30.000    24235.887    31184.469
     285.414       31.000    22360.406    29308.770
     286.416       39.900    21673.281    29308.770
     287.417     1978.200    22367.441    29308.770
     288.419     2376.600    24236.258    31184.469
     289.420       20.000    24236.258    31184.469
     290.421       17.000    22360.723    29308.770
     291.424       47.900    21824.160    29308.770
     292.425     2751.200    22367.078    29308.770
     293.427     1691.500    24237.148    31184.469
     294.428       19.000    24237.148    31184.469
     295.429       14.000    22361.477    29308.770
     296.431       57.900    22020.852    29308.770
     297.432     3584.800    22367.004    29308.770
     298.434      841.700    24236.527    31184.469
     299.435       33.900    24236.527    31184.469
     300.437       25.000    21202.336    29308.770
     301.438       61.900    22242.867    29308.770
     302.440     3644.900    22367.797    29308.770
     303.441      733.000    24236.578    31184.469
     304.442       30.000    24236.578    31184.469
     305.444       30.000    21394.199    29308.770
     306.445      461.400    22362.199    29308.770
     307.447     3993.700    24236.352    31184.469
     308.448       30.900    24236.352    31184.469
     309.450       33.000    22360.887    29308.770
     310.451       35.900    21614.465    29308.770
     311.453     1660.700    22364.723    29308.770
     312.454     2829.500    24235.520    31184.469
     313.456       31.000    24235.520    31184.469
     314.457       27.000    22359.992    29308.770
     315.458       45.900    21786.562    29308.770
     316.460     2385.600    22366.402    29308.770
     317.461     2112.600    24236.453    31184.469
     318.463       31.000    24236.453    31184.469
     319.464       24.000    22360.770    29308.770
     320.466       51.900    21870.355    29308.770
     321.467     2995.800    22367.797    29308.770
     322.469     1475.900    24235.422    31184.469
     323.470       30.000    24235.422    31184.469
     324.472       22.000    22359.750    29308.770
     325.473       54.900    21962.922    29308.770
     326.475     3428.300    22367.691    29308.770
     327.476      952.800    24236.117    31184.469
     328.477       20.000    24236.117    31184.469
     329.478       18.000    21128.086    29308.770
     330.479       63.900    22163.203    29308.770
     331.480     3695.100    22362.895    29308.770
     332.482      742.000    24235.344    31184.469
     333.483       21.000    24235.344    31184.469
     334.485       28.000    21312.098    29308.770
     335.486       85.900    22360.086    29308.770
     336.488     4130.600    23424.102    31184.469
     337.490      357.400    24236.211    31184.469
     338.491       34.000    22360.609    29308.770
     339.492       33.000    21528.852    29308.770
     340.494     1263.300    22362.547    29308.770
     341.495     3346.200    24236.590    31184.469
     342.496       33.900    24236.590    31184.469
     343.498       30.000    22361.008    29308.770
     344.500       44.900    21740.141    29308.770
     345.501     2283.700    22362.613    29308.770
     346.502     2378.300    24236.383    31184.469
     347.504       30.900    24236.383    31184.469
     348.506       25.000    22360.797    29308.770
     349.507       48.900    21808.508    29308.770
     350.508     2648.300    22365.266    29308.770
     351.510     1899.300    24236.141    31184.469
     352.511       28.000    24236.141    31184.469
     353.513       21.000    22360.676    29308.770
     354.514       59.900    22013.605    29308.770
     355.516     3552.100    22367.656    29308.770
     356.517      905.700    24236.172    31184.469
     357.519       31.000    24236.172    31184.469
     358.520      667.000    22364.832    29308.770
     359.522      556.100    22360.020    29308.770
     360.523        0.000    22360.020    29308.770
     361.525        0.000    22360.020    29308.770
     362.526        0.000    22360.020    29308.770
     363.528        0.000    22360.020    29308.770
     364.529        1.000    22360.020    29308.770
     365.531        0.000    22360.020    29308.770
     366.532        1.000    22360.020    29308.770
     367.534        0.000    22360.020    29308.770
     368.535        1.000    22360.020    29308.770
     369.537       62.900    22025.840    29308.770
     370.538     3565.000    22367.820    29308.770
     371.540      806.800    24236.691    31184.469
     372.541       30.900    24236.691    31184.469
     373.543       33.000    21333.586    29308.770
     374.544       61.900    22357.617    29308.770
     375.546     4343.900    24235.902    31184.469
     376.547       30.000    24235.902    31184.469
     377.548       33.900    22360.367    29308.770
     378.550       43.900    21748.266    29308.770
     379.551     2313.800    22366.914    29308.770
     380.553     2033.000    24236.230    31184.469
     381.554       29.000    24236.230    31184.469
     382.556       22.000    22360.570    29308.770
     383.557       64.900    22096.000    29308.770
     384.559     3623.900    22367.453    29308.770
     385.560      741.000    24235.617    31184.469
     386.562       18.000    24235.617    31184.469
     387.563       35.000    21436.344    29308.770
     388.564      768.900    22361.871    29308.770
     389.566     3630.600    24236.441    31184.469
     390.567       24.000    24236.441    31184.469
     391.569       22.000    22360.781    29308.770
     392.570       44.900    21771.625    29308.770
     393.571     2385.600    22366.344    29308.770
     394.573     2036.000    24235.859    31184.469
     395.574       20.000    24235.859    31184.469
     396.576       17.000    22322.301    29308.770
     397.577       97.900    22078.855    29308.770
     398.579     3624.600    22367.172    29308.770
     399.580      935.600    24235.777    31184.469
     400.582       20.000    24235.777    31184.469
     401.583       39.900    21343.574    29308.770
     402.585      116.800    22360.129    29308.770
     403.586     4229.800    23753.840    31184.469
     404.588      208.700    24236.207    31184.469
     405.589       33.900    22360.680    29308.770
     406.591       59.900    21668.914    29308.770
     407.592     1854.200    22364.754    29308.770
     408.594     2690.700    24236.738    31184.469
     409.596       20.000    24236.738    31184.469
     410.597       21.000    22361.211    29308.770
     411.599       91.900    21994.031    29308.770
     412.600     3542.800    22367.133    29308.770
     413.602      970.500    24235.723    31184.469
     414.603       20.000    24235.723    31184.469
     415.605       36.900    21310.582    29308.770
     416.606      100.900    22324.559    29308.770
     417.607     4082.800    22957.637    31184.469
     418.610      474.100    24235.355    31184.469
     419.611       28.000    22359.828    29308.770
     420.613      421.400    22360.434    29308.770
     421.614        0.000    22360.434    29308.770
     422.615        0.000    22360.434    29308.770
     423.617        0.000    22360.434    29308.770
     424.618        0.000    22360.434    29308.770
     425.619        0.000    22360.434    29308.770
     426.621        0.000    22360.434    29308.770
     427.622        0.000    22360.434    29308.770
     428.624        1.000    22360.434    29308.770
     429.625       62.900    21727.707    29308.770
     430.627     2218.000    22366.992    29308.770
     431.628     2364.300    24236.188    31184.469
     432.630       21.000    24236.188    31184.469
     433.631       19.000    22360.535    29308.770
     434.633       98.900    22060.129    29308.770
     435.634     3635.600    22366.488    29308.770
     436.636      911.600    24236.340    31184.469
     437.637       20.000    24236.340    31184.469
     438.639       40.900    21344.918    29308.770
     439.640       98.900    22357.090    29308.770
     440.642     4219.900    23463.664    31184.469
     441.644      292.500    24236.328    31184.469
     442.645       27.000    22360.801    29308.770
     443.647       52.900    21658.980    29308.770
     444.648     1957.300    22365.164    29308.770
     445.650     2652.800    24236.391    31184.469
     446.651       20.000    24236.391    31184.469
     447.653       20.000    22360.930    29308.770
     448.654       92.900    22013.344    29308.770
     449.656     3609.600    22366.777    29308.770
     450.657      963.500    24236.461    31184.469
     451.659       21.000    24236.461    31184.469
     452.660       23.000    21177.652    29308.770
     453.662       99.900    22200.395    29308.770
     454.663     3756.400    22367.547    29308.770
     455.665      759.800    24235.699    31184.469
     456.666       21.000    23970.305    31184.469
     457.668       53.900    21522.539    29308.770
     458.669     1054.400    22363.250    29308.770
     459.671     3489.400    24236.523    31184.469
     460.672       20.000    24236.523    31184.469
     461.674       23.000    22360.930    29308.770
     462.675       77.900    21862.523    29308.770
     463.676     2986.000    22366.930    29308.770
     464.678     1525.600    24236.156    31184.469
     465.679       21.000    24236.156    31184.469
     466.681       27.000    21179.008    29308.770
     467.682       97.900    22205.359    29308.770
     468.684     3810.900    22367.535    29308.770
     469.685      750.900    24235.199    31184.469
     470.687       21.000    24235.199    31184.469
     471.688       46.900    21473.629    29308.770
     472.689      786.900    22362.625    29308.770
     473.691     3725.200    24235.398    31184.469
     474.693       19.000    24235.398    31184.469
     475.694       24.000    22359.926    29308.770
     476.695       60.900    21714.824    29308.770
     477.697     2135.800    22365.902    29308.770
     478.698     2399.300    24237.043    31184.469
     479.700       20.000    24237.043    31184.469
     480.701      438.300    22361.406    29308.770
     481.703        0.000    22361.406    29308.770
     482.705        1.000    22361.406    29308.770
     483.706        0.000    22361.406    29308.770
     484.708        0.000    22361.406    29308.770
     485.709        0.000    22361.406    29308.770
     486.710        1.000    22361.406    29308.770
     487.712        0.000    22361.406    29308.770
     488.713       44.900    21534.289    29308.770
     489.715     1236.400    22365.828    29308.770
     490.716     3274.100    24236.930    31184.469
     491.717       19.000    24236.930    31184.469
     492.719       23.000    22361.402    29308.770
     493.720       76.900    21865.316    29308.770
     494.722     2990.600    22366.969    29308.770
     495.723     1507.600    24235.785    31184.469
     496.725       21.000    24235.785    31184.469
     497.726       28.000    21207.895    29308.770
     498.728       96.900    22208.465    29308.770
     499.729     3673.100    22366.328    29308.770
     500.731      746.800    24235.859    31184.469
     501.732       20.000    24235.859    31184.469
     502.734       53.900    21524.066    29308.770
     503.735     1135.400    22363.680    29308.770
     504.737     3296.700    24236.504    31184.469
     505.738       20.000    24236.504    31184.469
     506.740       22.000    22360.918    29308.770
     507.741       70.900    21833.121    29308.770
     508.743     2800.700    22366.188    29308.770
     509.744     1551.800    24236.930    31184.469
     510.746       19.000    24236.930    31184.469
     511.747       25.000    21150.527    29308.770
     512.748       89.900    22147.488    29308.770
     513.750     3545.100    22367.840    29308.770
     514.751      748.800    24236.480    31184.469
     515.753       33.000    24236.480    31184.469
     516.754       36.900    21461.457    29308.770
     517.755      572.200    22363.199    29308.770
     518.757     3775.400    24235.332    31184.469
     519.758       32.900    24235.332    31184.469
     520.760       29.000    22359.695    29308.770
     521.762       51.900    21871.344    29308.770
     522.763     2999.700    22367.637    29308.770
     523.764     1302.900    24236.059    31184.469
     524.766       32.900    24236.059    31184.469
     525.768       30.000    21237.621    29308.770
     526.769       62.900    22299.551    29308.770
     527.771     4175.700    24173.855    31184.469
     528.772      107.900    24235.953    31184.469
     529.773       26.000    22360.359    29308.770
     530.774       58.900    21671.172    29308.770
     531.776     1864.400    22366.398    29308.770
     532.777     2458.000    24237.105    31184.469
     533.779       20.000    24237.105    31184.469
     534.780       19.000    22361.520    29308.770
     535.781       85.900    22041.262    29308.770
     536.783     3570.200    22367.945    29308.770
     537.784      773.900    24235.938    31184.469
     538.786       21.000    24235.938    31184.469
     539.787      435.300    22360.070    29308.770
     540.789        0.000    22360.070    29308.770
     541.790        0.000    22360.070    29308.770
     542.791        0.000    22360.070    29308.770
     543.793        0.000    22360.070    29308.770
     544.794        0.000    22360.070    29308.770
     545.796        1.000    22360.070    29308.770
     546.797        0.000    22360.070    29308.770
     547.799        0.000    22360.070    29308.770
     548.800        1.000    22360.070    29308.770
     549.802       16.000    21216.102    29308.770
     550.803       97.900    22265.656    29308.770
     551.805     3654.300    22426.852    31184.469
     552.807      701.700    24236.438    31184.469
     553.808       20.000    24236.438    31184.469
     554.810       49.900    21479.867    29308.770
     555.811      853.700    22362.211    29308.770
     556.812     3657.600    24236.102    31184.469
     557.814       20.000    24236.102    31184.469
     558.815       23.000    22360.516    29308.770
     559.817       75.900    21850.508    29308.770
     560.818     2934.500    22360.461    29308.770
     561.820     1474.800    24236.242    31184.469
     562.821       30.000    24236.242    31184.469
     563.823       27.000    21161.258    29308.770
     564.824       99.800    22184.000    29308.770
     565.826     3643.600    22361.086    29308.770
     566.827      744.800    24235.055    31184.469
     567.829       21.000    24235.055    31184.469
     568.830       49.900    21472.539    29308.770
     569.832      878.800    22364.027    29308.770
     570.833     3601.500    24235.359    31184.469
     571.835       20.000    24235.359    31184.469
     572.836       24.000    22359.883    29308.770
     573.838       61.900    21751.645    29308.770
     574.839     2203.900    22361.113    29308.770
     575.840     2248.400    24236.281    31184.469
     576.842       20.000    24236.281    31184.469
     577.844       19.000    22360.703    29308.770
     578.845       92.900    22047.922    29308.770
     579.846     3736.800    22361.523    29308.770
     580.848      833.700    24236.426    31184.469
     581.849       20.000    24236.426    31184.469
     582.851       35.900    21294.730    29308.770
     583.852       93.900    22288.082    29308.770
     584.854     3817.100    22859.383    31184.469
     585.856      525.100    24236.617    31184.469
     586.857       28.000    22361.031    29308.770
     587.859       49.900    21601.203    29308.770
     588.860     1492.700    22360.977    29308.770
     589.862     2988.300    24236.047    31184.469
     590.864       21.000    24236.047    31184.469
     591.865       21.000    22360.461    29308.770
     592.866       77.900    21899.180    29308.770
     593.868     3069.400    22367.090    29308.770
     594.869     1362.900    24235.410    31184.469
     595.871       20.000    24235.410    31184.469
     596.872       30.000    21215.855    29308.770
     597.874       96.900    22274.691    29308.770
     598.876     3756.100    22461.152    31184.469
     599.878      676.800    24236.191    31184.469
     600.879       20.000    24236.191    31184.469
     601.881      434.300    22360.824    29308.770
     602.882        0.000    22360.824    29308.770
     603.884        2.000    21981.996    29308.770
     604.885       98.800    22100.121    29308.770
     605.887     3655.800    22367.945    29308.770
     606.888      756.900    24236.559    31184.469
     607.889       20.000    24236.559    31184.469
     608.891       41.900    21375.328    29308.770
     609.892      301.600    22361.418    29308.770
     610.894     4119.600    24236.332    31184.469
     611.895       19.000    24236.332    31184.469
     612.897       26.000    22360.680    29308.770
     613.898       71.900    21800.914    29014.605
     614.900     2962.500    22707.562    30449.141
     615.902      379.300    23500.852    30449.141
     616.904       18.000    22066.340    29014.605
     617.905        0.000    22066.340    29014.605
     618.906        0.000    22066.340    29014.605
     619.908        0.000    22066.340    29014.605
     620.909        1.000    22066.340    29014.605
     621.911        0.000    22066.340    29014.605
     622.912        0.000    22066.340    29014.605
     623.913       50.900    21599.129    29308.770
     624.915     1532.900    22363.680    29308.770
     625.916     2792.600    24235.992    31184.469
     626.918       18.000    24235.992    31184.469
     627.919       22.000    22360.398    29308.770
     628.920       77.900    21850.133    29308.770
     629.922     2875.100    22366.219    29308.770
     630.923     1450.700    24235.578    31184.469
     631.925       20.000    24235.578    31184.469
     632.926       25.000    21158.723    29308.770
     633.928       88.900    22140.473    29308.770
     634.930     3640.400    22366.812    29308.770
     635.931      734.900    24236.668    31184.469
     636.933       21.000    24236.668    31184.469
     637.934       47.900    21448.562    29308.770
     638.935      713.000    22363.070    29308.770
     639.937     3702.500    24236.129    31184.469
     640.938       19.000    24236.129    31184.469
     641.940       24.000    22360.598    29308.770
     642.941       68.900    21804.184    29308.770
     643.942     2620.500    22366.785    29308.770
     644.944     1684.400    24236.227    31184.469
     645.945       20.000    24236.227    31184.469
     646.947       40.900    21311.727    28720.441
     647.948     2178.900    22244.852    29713.812
     648.950      308.400    22765.633    29713.812
     649.952        7.000    21772.402    28720.441
     650.953        0.000    21772.402    28720.441
     651.955        0.000    21772.402    28720.441
     652.956        0.000    21772.402    28720.441
     653.957       56.900    21991.230    29308.770
     654.959     3547.800    22367.871    29308.770
     655.960      816.800    24235.648    31184.469
     656.962       32.000    24235.648    31184.469
     657.963       31.000    21298.902    29308.770
     658.964       65.900    22340.465    29308.770
     659.966     4074.700    23575.328    31184.469
     660.968      330.400    24235.586    31184.469
     661.969       35.000    22985.691    31184.469
     662.971       36.900    21599.523    29308.770
     663.972     1540.700    22364.875    29308.770
     664.974     2775.000    24236.430    31184.469
     665.975       31.000    24236.430    31184.469
     666.976       27.000    22360.902    29308.770
     667.978       57.900    21949.379    29308.770
     668.979     3147.500    22367.230    29308.770
     669.981     1088.300    24235.230    31184.469
     670.983       31.000    24235.230    31184.469
     671.984       39.900    21538.324    29308.770
     672.985     1268.200    22365.004    29308.770
     673.987     3072.200    24236.227    31184.469
     674.988       34.000    24236.227    31184.469
     675.990       29.000    21386.695    29308.770
     676.991     1898.400    21778.184    28720.441
     677.992      557.200    22766.070    29713.812
     678.994       12.000    21772.906    28720.441
     679.995        0.000    21772.906    28720.441
     680.997        1.000    21772.906    28720.441
     681.998        0.000    21772.906    28720.441
     683.000        0.000    21772.906    28720.441
     684.001        0.000    21772.906    28720.441
     685.002        1.000    21772.906    28720.441
     686.004        0.000    21772.906    28720.441
     687.005        5.000    21136.312    29308.770
     688.007       66.900    22197.469    29308.770
     689.008     3660.900    22367.500    29308.770
     690.009      741.900    24236.523    31184.469
     691.011       32.900    24236.523    31184.469
     692.013       37.900    21501.254    29308.770
     693.014     1124.400    22363.699    29308.770
     694.015     3260.400    24236.816    31184.469
     695.017       32.000    24236.816    31184.469
     696.018       28.000    22361.219    29308.770
     697.020       51.900    21859.461    29308.770
     698.021     2950.900    22366.602    29308.770
     699.023     1394.700    24236.332    31184.469
     700.024       31.900    24236.332    31184.469
     701.026       29.000    21182.215    29308.770
     702.027       63.900    22202.895    29308.770
     703.029     3570.800    22367.098    29308.770
     704.030      728.900    24236.195    31184.469
     705.032       32.000    24236.195    31184.469
     706.033       36.000    21461.688    29308.770
     707.035      839.800    22363.320    29308.770
     708.036     3462.100    24236.156    31184.469
     709.038       18.000    24236.156    31184.469
     710.039       24.000    21932.707    29308.770
     711.040     1619.700    21775.707    28720.441
     712.042      832.700    22765.598    29713.812
     713.043        9.000    21772.309    28720.441
     714.045        0.000    21772.309    28720.441
     715.046        0.000    21772.309    28720.441
     716.047        0.000    21772.309    28720.441
     717.049       65.900    21807.059    29308.770
     718.050     2586.500    22367.102    29308.770
     719.051     1729.400    24236.406    31184.469
     720.053       19.000    24236.406    31184.469
     721.054       21.000    21527.324    29308.770
     722.055       87.900    22089.988    29308.770
     723.057     3646.100    22366.445    29308.770
     724.058      772.800    24237.066    31184.469
     725.060       20.000    24237.066    31184.469
     726.061       41.900    21379.477    29308.770
     727.062      403.800    22361.770    29308.770
     728.063     4014.000    24236.676    31184.469
     729.065       18.000    24236.676    31184.469
     730.066       25.000    22361.141    29308.770
     731.068       62.900    21729.703    29308.770
     732.069     2278.500    22365.832    29308.770
     733.071     2140.600    24235.996    31184.469
     734.072       19.000    24235.996    31184.469
     735.074       19.000    22360.535    29308.770
     736.075       89.900    22023.520    29308.770
     737.076     3578.700    22366.758    29308.770
     738.078      783.800    24236.598    31184.469
     739.080       20.000    24236.598    31184.469
     740.081       55.900    21511.199    28720.441
     741.083     2428.000    22765.918    29713.812
     742.084       21.000    21772.754    28720.441
     743.086        0.000    21772.754    28720.441
     744.087        1.000    21772.754    28720.441
     745.089        0.000    21772.754    28720.441
     746.090        0.000    21772.754    28720.441
     747.091        0.000    21772.754    28720.441
     748.093        0.000    21772.754    28720.441
     749.094        1.000    21772.754    28720.441
     750.096        0.000    21772.754    28720.441
     751.097       23.000    21319.465    29308.770
     752.099      133.800    22361.422    29308.770
     753.100     4172.100    24192.211    31184.469
     754.102      128.800    24236.555    31184.469
     755.103       21.000    23241.172    31184.469
     756.105       51.900    21562.336    29308.770
     757.106     1405.100    22363.711    29308.770
     758.108     3074.300    24235.152    31184.469
     759.109       19.000    24235.152    31184.469
     760.110       23.000    22359.613    29308.770
     761.112       75.900    21840.840    29308.770
     762.113     2844.700    22367.094    29308.770
     763.115     1522.600    24237.016    31184.469
     764.117       19.000    24237.016    31184.469
     765.118       21.000    21376.465    29308.770
     766.120       89.900    22106.902    29308.770
     767.121     3653.400    22366.754    29308.770
     768.123      753.900    24236.887    31184.469
     769.124       21.000    24236.887    31184.469
     770.125       41.900    21387.805    29308.770
     771.127      321.600    22361.832    29308.770
     772.128     4054.600    24236.629    31184.469
     773.130       18.000    24236.629    31184.469
     774.131       27.000    22360.977    29308.770
     775.133      382.400    21773.520    28720.441
     776.134     2070.800    22765.559    29713.812
     777.136       15.000    21772.328    28720.441
     778.137        1.000    21772.328    28720.441
     779.139       83.900    22011.008    29308.770
     780.140     3529.000    22367.922    29308.770
     781.142      754.900    24235.785    31184.469
     782.143       19.000    24235.785    31184.469
     783.145       57.900    21564.785    28536.340
     784.146     1798.300    22306.375    29253.609
     785.148        9.000    21589.191    28536.340
     786.149        0.000    21589.191    28536.340
     787.151        0.000    21589.191    28536.340
     788.152        0.000    21589.191    28536.340
     789.154       29.000    21538.629    29308.770
     790.155     1271.200    22366.133    29308.770
     791.157     3096.500    24236.250    31184.469
     792.158       19.000    24236.250    31184.469
     793.159       20.000    22360.598    29308.770
     794.161       51.900    21880.496    29308.770
     795.162     3095.600    22367.578    29308.770
     796.164     1296.900    24236.746    31184.469
     797.165       31.900    24236.746    31184.469
     798.167      508.300    22359.352    29308.770
     799.168        1.000    22359.352    29308.770
     800.170       22.000    21359.500    29308.770
     801.171      298.600    22359.297    29308.770
     802.173     4121.100    24236.129    31184.469
     803.174       31.000    24236.129    31184.469
     804.175       33.900    22360.637    29308.770
     805.177       39.900    21669.129    29308.770
     806.178     1692.000    22365.816    29308.770
     807.179     2673.100    24236.871    31184.469
     808.180       19.000    24236.871    31184.469
     809.182      504.300    22498.039    29690.242
     810.183        1.000    22360.035    29308.770
     811.185        1.000    22360.035    29308.770
     812.186        0.000    22360.035    29308.770
     813.188        0.000    22360.035    29308.770
     814.189        0.000    22360.035    29308.770
     815.190       60.900    22017.863    29308.770
     816.192     3548.900    22367.320    29308.770
     817.193      770.900    24235.914    31184.469
     818.195       19.000    24235.914    31184.469
     819.196       28.000    21289.578    29308.770
     820.197       64.900    22350.734    29308.770
     821.199     4223.000    24236.172    31184.469
     822.200       68.900    24236.172    31184.469
     823.201       35.900    22360.508    29308.770
     824.203      494.200    22360.723    29308.770
     825.205        1.000    22360.723    29308.770
     826.206       47.900    21810.496    29308.770
     827.207     2677.100    22367.820    29308.770
     828.209     1665.300    24235.883    31184.469
     829.211       31.000    24235.883    31184.469
     830.212       24.000    21223.730    29308.770
     831.213       65.900    22150.816    29308.770
     832.215     3544.800    22366.602    29308.770
     833.216      708.000    24236.461    31184.469
     834.218       32.000    24236.461    31184.469
     835.219      495.200    22360.625    29308.770
     836.221        0.000    22360.625    29308.770
     837.222        0.000    22360.625    29308.770
     838.224        0.000    22360.625    29308.770
     839.225        1.000    22360.625    29308.770
     840.227       38.900    21676.594    29308.770
     841.228     2014.100    22367.648    29308.770
     842.230     2312.700    24236.496    31184.469
     843.231       32.000    24236.496    31184.469
     844.232       24.000    22360.965    29308.770
     845.234       59.900    22005.129    29308.770
     846.235     3525.000    22368.012    29308.770
     847.237      813.700    24236.031    31184.469
     848.239       30.900    24236.031    31184.469
     849.240      498.200    22360.816    29308.770
     850.242        1.000    22360.816    29308.770
     851.243       19.000    21332.605    29308.770
     852.244       61.900    22353.543    29308.770
     853.246     4095.400    23758.621    31184.469
     854.248      263.500    24236.348    31184.469
     855.249       34.900    22360.719    29308.770
     856.251       38.900    21646.523    29308.770
     857.252     1649.700    22362.012    29308.770
     858.254     2703.100    24235.586    31184.469
     859.255       32.000    24235.586    31184.469
     860.256      518.200    22499.402    29690.242
     861.258        3.000    22361.461    29308.770
     862.259        0.000    22361.461    29308.770
     863.261        0.000    22361.461    29308.770
     864.262        0.000    22361.461    29308.770
     865.264        0.000    22361.461    29308.770
     866.265       58.900    21967.984    29308.770
     867.266     3255.400    22364.504    29308.770
     868.268     1121.200    24235.723    31184.469
     869.270       31.900    24235.723    31184.469
     870.271       26.000    21156.395    29308.770
     871.272       63.900    22191.512    29308.770
     872.274     3655.900    22361.434    29308.770
     873.275      752.000    24237.270    31184.469
     874.277       30.000    24237.270    31184.469
     875.278      496.300    22360.320    29308.770
     876.280        0.000    22360.320    29308.770
     877.281       35.900    21619.828    29308.770
     878.282     1326.200    22364.863    29308.770
     879.284     3008.700    24235.520    31184.469
     880.285       32.000    24235.520    31184.469
     881.287       25.000    22360.059    29308.770
     882.289       60.900    21971.223    29308.770
     883.290     3506.200    22367.070    29308.770
     884.291      798.900    24236.168    31184.469
     885.293       21.000    24236.168    31184.469
     886.294      449.400    22360.840    29308.770
     887.295        0.000    22360.840    29308.770
     888.297        0.000    22360.840    29308.770
     889.298        0.000    22360.840    29308.770
     890.299        0.000    22360.840    29308.770
     891.301        0.000    22360.840    29308.770
     892.302        0.000    22360.840    29308.770
     893.304        0.000    22360.840    29308.770
     894.305       82.900    21954.988    29308.770
     895.307     3516.700    22367.773    29308.770
     896.308      785.800    24235.391    31184.469
     897.310       31.000    24235.391    31184.469
     898.311       33.000    21322.430    29308.770
     899.313       63.900    22359.609    29308.770
     900.314     4189.000    24236.055    31184.469
     901.316       19.000    24236.055    31184.469
     902.317       23.000    22360.523    29308.770
     903.318       79.900    21957.766    29014.605
     904.319     3377.100    23500.473    30449.141
     905.321       19.000    23500.473    30449.141
     906.322       15.000    22066.031    29014.605
     907.323        0.000    22066.031    29014.605
     908.325       20.000    21281.195    29308.770
     909.326       97.900    22296.461    29308.770
     910.328     3788.600    22890.828    31184.469
     911.330      562.900    24236.094    31184.469
     912.331       27.000    22360.438    29308.770
     913.333       50.900    21575.859    29308.770
     914.334     1364.000    22363.477    29308.770
     915.336     3007.100    24236.000    31184.469
     916.337       20.000    24236.000    31184.469
     917.339       22.000    22360.332    29308.770
     918.340       90.900    22002.691    29014.605
     919.342     3310.000    23500.492    30449.141
     920.343       20.000    23500.492    30449.141
     921.345       13.000    22066.043    29014.605
     922.346        0.000    22066.043    29014.605
     923.348        1.000    22066.043    29014.605
     924.349        0.000    22066.043    29014.605
     925.350        0.000    22066.043    29014.605
     926.352        0.000    22066.043    29014.605
     927.353        1.000    22066.043    29014.605
     928.355        0.000    22066.043    29014.605
     929.356        3.000    21246.285    29014.605
     930.358       95.900    22144.363    29308.770
     931.359     3600.600    22367.773    29308.770
     932.361      751.900    24237.004    31184.469
     933.362       21.000    24237.004    31184.469
     934.364       45.900    21429.035    29308.770
     935.365      569.200    22363.324    29308.770
     936.367     3771.800    24236.801    31184.469
     937.368       19.000    24236.801    31184.469
     938.370       24.000    22361.273    29308.770
     939.371       77.900    21852.555    29014.605
     940.373     3278.200    23490.711    30449.141
     941.374      121.800    23500.508    30449.141
     942.376       16.000    22066.133    29014.605
     943.377        1.000    22066.133    29014.605
     944.379       13.000    21215.555    29308.770
     945.380       91.900    22231.336    29308.770
     946.382     3541.600    22367.719    29308.770
     947.383      727.900    24236.305    31184.469
     948.385       24.000    23402.922    31184.469
     949.386       49.900    21522.699    29308.770
     950.388     1087.400    22362.574    29308.770
     951.389     3331.700    24236.293    31184.469
     952.391       19.000    24236.293    31184.469
     953.392       22.000    22360.758    29308.770
     954.393       83.900    21937.375    29014.605
     955.395     3284.600    23501.461    30449.141
     956.397       20.000    23501.461    30449.141
     957.398       14.000    22066.953    29014.605
     958.399        0.000    22066.953    29014.605
     959.401        1.000    22066.953    29014.605
     960.402        0.000    22066.953    29014.605
     961.404        0.000    22066.953    29014.605
     962.405        0.000    22066.953    29014.605
     963.407        0.000    22066.953    29014.605
     964.408        0.000    22066.953    29014.605
     965.410        8.000    21148.570    29308.770
     966.411       86.900    22118.719    29308.770
     967.413     3573.100    22367.344    29308.770
     968.414      711.900    24236.734    31184.469
     969.416       21.000    24198.887    31184.469
     970.417       50.900    21488.578    29308.770
     971.419      878.700    22363.512    29308.770
     972.420     3485.400    24235.270    31184.469
     973.422       18.000    24235.270    31184.469
     974.423       26.000    22359.809    29308.770
     975.425       66.900    21769.879    29014.605
     976.426     2864.900    22323.516    30449.141
     977.428      503.100    23500.430    30449.141
     978.430       18.000    22065.988    29014.605
     979.431       35.000    21460.332    28922.555
     980.433     2562.200    21979.867    28922.555
     981.434      556.100    23271.402    30219.039
     982.436       18.000    21974.949    28922.555
     983.437        0.000    21974.949    28922.555
     984.439        0.000    21974.949    28922.555
     985.440        0.000    21974.949    28922.555
     986.442        0.000    21974.949    28922.555
     987.443       17.000    21252.258    29308.770
     988.445       99.900    22268.812    29308.770
     989.446     3644.100    22691.219    31184.469
     990.449      592.900    24236.031    31184.469
     991.450       23.000    23554.246    31184.469
     992.452     1109.300    22753.668    29701.918
     993.453        6.000    22360.605    29308.770
     994.455       38.900    21453.051    29308.770
     995.456      693.900    22361.730    29308.770
     996.458     3772.100    24236.555    31184.469
     997.459       18.000    24236.555    31184.469
     998.461       27.000    22360.902    29308.770
     999.462     1056.500    22361.266    29308.770
    1000.463        0.000    22361.266    29308.770
    1001.465        0.000    22361.266    29308.770
    1002.466        0.000    22361.266    29308.770
    1003.468        0.000    22361.266    29308.770
    1004.469        1.000    22361.266    29308.770
    1005.471       14.000    21193.836    29308.770
    1006.472       90.900    22219.672    29308.770
    1007.474     3546.500    22367.980    29308.770
    1008.475      747.800    24236.652    31184.469
    1009.477       27.000    22380.426    31184.469
    1010.478     1063.300    22753.113    29701.918
    1011.480        2.000    22360.133    29308.770
    1012.481       46.900    21574.523    29308.770
    1013.483     1409.800    22364.625    29308.770
    1014.484     2969.800    24235.980    31184.469
    1015.486       19.000    24235.980    31184.469
    1016.487       29.000    22360.395    29308.770
    1017.489     1046.300    22361.469    29308.770
    1018.490        0.000    22361.469    29308.770
    1019.492        0.000    22361.469    29308.770
    1020.493        0.000    22361.469    29308.770
    1021.495        0.000    22361.469    29308.770
    1022.497        0.000    22361.469    29308.770
    1023.498       34.900    21427.359    29308.770
    1024.500      651.000    22363.570    29308.770
    1025.501     3702.400    24236.680    31184.469
    1026.502       25.000    24236.680    31184.469
    1027.504       27.000    22361.152    29308.770
    1028.505     1060.300    22359.656    29308.770
    1029.507        0.000    22359.656    29308.770
    1030.509       50.900    21793.188    29308.770
    1031.510     2652.200    22366.895    29308.770
    1032.511     1772.500    24236.164    31184.469
    1033.513       20.000    24236.164    31184.469
    1034.514      873.800    22360.512    29308.770
    1035.516      237.600    22361.207    29308.770
    1036.517        0.000    22361.207    29308.770
    1037.519        0.000    22361.207    29308.770
    1038.520        0.000    22361.207    29308.770
    1039.522        0.000    22361.207    29308.770
    1040.523        0.000    22361.207    29308.770
    1041.524        0.000    22361.207    29308.770
    1042.526        0.000    22361.207    29308.770
    1043.527        0.000    22361.207    29308.770
    1044.529        1.000    22361.207    29308.770
    1045.530        0.000    22361.207    29308.770
    1046.532        0.000    22361.207    29308.770
    1047.534        0.000    22361.207    29308.770
    1048.535        0.000    22361.207    29308.770
    1049.537        1.000    22361.207    29308.770
    1050.538        1.000    22361.207    29308.770
    1051.540        0.000    22361.207    29308.770
    1052.541        0.000    22361.207    29308.770
    1053.542        0.000    22361.207    29308.770
    1054.544        0.000    22361.207    29308.770
    1055.545        0.000    22361.207    29308.770
    1056.547        1.000    22361.207    29308.770
    1057.548        1.000    22361.207    29308.770
    1058.550        0.000    22361.207    29308.770
    1059.551        0.000    22361.207    29308.770
    1060.553        1.000    22361.207    29308.770
    1061.554        0.000    22361.207    29308.770
    1062.556        0.000    22361.207    29308.770
    1063.557        0.000    22361.207    29308.770
    1064.559        1.000    22361.207    29308.770
    1065.561       57.900    21920.551    29308.770
    1066.562     3271.300    22366.801    29308.770
    1067.563     1152.200    24235.918    31184.469
    1068.565       29.000    24235.918    31184.469
    1069.566       27.000    21212.230    29308.770
    1070.568       62.900    22266.941    29308.770
    1071.569     4223.200    24236.289    31184.469
    1072.571       32.000    24236.289    31184.469
    1073.572       32.000    22360.695    29308.770
    1074.574       39.900    21678.469    29308.770
    1075.575     2023.200    22365.242    29308.770
    1076.577     2363.600    24235.820    31184.469
    1077.578       19.000    24235.820    31184.469
    1078.579       17.000    22360.355    29308.770
    1079.581       57.900    21966.105    29308.770
    1080.582     3533.000    22366.645    29308.770
    1081.584      784.800    24236.066    31184.469
    1082.585       30.000    24236.066    31184.469
    1083.587       41.900    21465.359    28818.496
    1084.588     2651.200    23011.645    29958.922
    1085.590       31.000    23011.645    29958.922
    1086.591        7.000    21871.352    28818.496
    1087.592        0.000    21871.352    28818.496
    1088.594        0.000    21871.352    28818.496
    1089.595        0.000    21871.352    28818.496
    1090.597        0.000    21871.352    28818.496
    1091.598        0.000    21871.352    28818.496
    1092.600        0.000    21871.352    28818.496
    1093.601        1.000    21871.352    28818.496
    1094.603       86.900    19670.504    26667.895
