# Elapsed time   CPU (%)     Real (MB)   Virtual (MB)
       0.007        0.000      690.387    21855.859
       1.008        0.000      690.387    21855.859
       2.010        0.000      690.387    21855.859
       3.012        0.000      690.387    21855.859
       4.013        0.000      690.387    21855.859
       5.015        0.000      690.387    21855.859
       6.016        0.000      690.387    21855.859
       7.018       70.900     1551.238    49708.867
       8.019       86.900     2600.535    49708.867
       9.021       83.900     3657.809    49708.867
      10.022       87.900     4710.973    49708.867
      11.024       86.900     5726.754    49708.867
      12.025       83.900     6707.215    49708.867
      13.027       84.900     7726.090    49708.867
      14.028       88.900     8785.945    49708.867
      15.030       92.900     9794.508    49708.867
      16.031       92.900    10775.957    49708.867
      17.033       94.900    11774.977    49708.867
      18.034       95.800    12824.531    49708.867
      19.036       95.800    13877.180    49708.867
      20.037       80.900    14903.789    49708.867
      21.039       81.900    15929.109    49708.867
      22.040       89.900    16996.969    49708.867
      23.042       94.900    18052.195    49708.867
      24.043       95.900    19092.211    49708.867
      25.045       95.900    20143.312    49708.867
      26.046       95.900    21195.703    49708.867
      27.047       95.900    22253.496    49708.867
      28.049       95.900    23301.461    49708.867
      29.050       92.900    24248.402    49708.867
      30.052       95.900    25300.277    49708.867
      31.053       95.900    26342.871    49708.867
      32.055       95.900    27395.262    49708.867
      33.056       94.900    28427.027    49708.867
      34.058     2695.000    35933.062    60349.523
      35.059     5479.300    49369.637    73614.668
      36.061     2956.400    56827.105    82051.633
      37.062     3071.000    69276.090    93927.348
      38.064     4253.200    85491.164   110642.625
      39.066       98.900    85555.953   110706.625
      40.067     3995.800    85604.418   110770.625
      41.069     4109.100    85604.418   110770.625
      42.070     4092.000    85604.418   110770.625
      43.072     4108.100    85604.418   110770.625
      44.074     4087.400    85604.418   110770.625
      45.076     4100.000    85604.418   110770.625
      46.077     3941.400    85604.418   110770.625
      47.079     3688.900    85604.418   110770.625
      48.081     3629.100    85604.418   110770.625
      49.082     3587.200    85604.418   110770.625
      50.084     3597.100    85604.418   110770.625
      51.085     3587.200    85604.418   110770.625
      52.087     3497.500    85604.418   110770.625
      53.088     2898.200    85604.418   110770.625
      54.090     2063.900    85604.418   110770.625
      55.091     1492.700    85604.418   110770.625
      56.093     1835.300    85606.227   110770.625
      57.094     4093.800    85609.203   110770.625
      58.096     3784.200    85609.203   110770.625
      59.097     3603.400    85609.203   110770.625
      60.099     3108.500    89079.129   113794.641
      61.100     5544.300    97989.133   122606.988
      62.102     3367.000   103132.477   128589.645
      63.103      405.400   104624.566   129449.500
      64.105        8.000   104624.566   129449.500
      65.106       85.900    76685.266   102504.562
      66.107      310.500    77687.680   102504.562
      67.109      514.100    77687.707   102504.562
      68.111       13.000    76451.785   102504.562
      69.112       70.900    77498.762   102504.562
      70.114      786.900    77689.762   102504.562
      71.115       13.000    77689.762   102504.562
      72.117       69.900    77185.512   102504.562
      73.118      791.900    77692.031   102504.562
      74.120       23.000    77692.031   102504.562
      75.121       51.900    76936.930   102504.562
      76.123      507.200    76833.543   101644.707
      77.124      376.400    77693.602   102504.562
      78.126       24.000    76622.164   102504.562
      79.128       88.900    77679.711   102504.562
      80.129      837.900    77694.613   102504.562
      81.130        8.000    77694.613   102504.562
      82.132       87.900    77378.566   102504.562
      83.133     1331.000    77695.301   102504.562
      84.134       22.000    77695.301   102504.562
      85.136       53.900    76978.613   102504.562
      86.138      543.200    76836.816   101644.707
      87.139      373.400    77696.633   102504.562
      88.141       27.000    76669.527   102504.562
      89.142       84.900    77651.242   102504.562
      90.143      772.800    77697.844   102504.562
      91.145       13.000    77697.844   102504.562
      92.147       69.900    77219.633   102504.562
      93.148      764.800    77698.934   102504.562
      94.150       23.000    77698.934   102504.562
      95.152       40.900    76862.363   102504.562
      96.153      437.400    76840.312   101644.707
      97.154      347.500    77699.246   102504.562
      98.156       15.000    76492.199   102504.562
      99.158       90.900    77534.277   102504.562
     100.159      743.700    77700.969   102504.562
     101.161       20.000    77700.969   102504.562
     102.162       60.900    77065.492   102504.562
     103.164      465.300    76842.316   101644.707
     104.165      345.400    77702.586   102504.562
     105.167        7.000    77664.703   102504.562
     106.168       85.900    77373.133   102504.562
     107.170      417.300    76844.047   101644.707
     108.172      332.500    77703.004   102504.562
     109.173       17.000    76581.551   102504.562
     110.175       71.900    77627.496   102504.562
     111.177      751.700    77704.203   102504.562
     112.178       18.000    77704.203   102504.562
     113.180       47.900    77026.961   102504.562
     114.181      469.300    76845.551   101644.707
     115.182      354.400    77705.375   102504.562
     116.184       11.000    77705.375   102504.562
     117.186       64.900    77218.398   102504.562
     118.187      439.400    76846.805   101644.707
     119.189      330.500    77706.285   102504.562
     120.190       21.000    76628.918   102504.562
     121.192       70.900    77669.191   102504.562
     122.193      749.900    77708.227   102504.562
     123.195       20.000    77708.227   102504.562
     124.196       44.900    76955.961   102504.562
     125.198      448.300    76849.656   101644.707
     126.199      343.500    77709.430   102504.562
     127.201       10.000    76686.594   102504.562
     128.202       74.900    77416.328   102504.562
     129.204      455.300    76850.902   101644.707
     130.205      327.500    77709.750   102504.562
     131.207       22.000    76653.523   102504.562
     132.208       71.900    77679.102   102504.562
     133.210     3099.200    76859.012   101644.707
     134.211     4876.700    79213.906   104533.711
     135.213     4780.400    82118.145   107567.277
     136.215     4931.200    85903.484   110752.531
     137.216     4735.900    88623.434   114097.160
     138.218     4590.700    91159.191   117609.039
     139.219     4893.700    95052.801   121296.605
     140.221     4558.900    98030.293   125168.672
     141.222     4472.300   100382.363   125168.672
     142.224     4494.100   100390.516   125168.672
     143.225     4270.600   106055.625   131467.320
     144.227     4974.600   115159.695   139910.469
     145.229     1424.900   117639.832   142433.953
     146.230       18.000   117639.832   142433.953
     147.232       47.900   116929.332   142433.953
     148.233      422.300   116780.066   141574.098
     149.235      357.400   117639.609   142433.953
     150.237       16.000   116492.117   142433.953
     151.238       71.900   117533.164   142433.953
     152.239      738.900   117641.277   142433.953
     153.241       12.000   117641.277   142433.953
     154.243       63.900   117206.637   142433.953
     155.244      777.800   117640.109   142433.953
     156.246       22.000   117640.109   142433.953
     157.248       41.900   116893.773   142433.953
     158.249      470.300   116780.430   141574.098
     159.251      364.400   117639.281   142433.953
     160.252       17.000   116486.375   142433.953
     161.254       71.900   117503.961   142433.953
     162.255      774.700   117640.891   142433.953
     163.257       16.000   117640.891   142433.953
     164.258       49.900   117028.617   142433.953
     165.260      469.200   116781.188   141574.098
     166.262      352.400   117640.855   142433.953
     167.263       24.000   116616.082   142433.953
     168.264      134.900   117640.855   142433.953
     169.266      715.700   117639.938   142433.953
     170.268       10.000   117639.938   142433.953
     171.269       65.900   117231.078   142433.953
     172.271      783.900   117641.113   142433.953
     173.272       23.000   117641.113   142433.953
     174.273       40.900   116892.457   142433.953
     175.275      460.300   116781.293   141574.098
     176.276      367.400   117640.332   142433.953
     177.278       16.000   116476.082   142433.953
     178.280       70.900   117477.941   142433.953
     179.281      780.600   117639.488   142433.953
     180.283       15.000   117639.488   142433.953
     181.285       55.900   117102.238   142433.953
     182.286      722.900   117639.930   142433.953
     183.288      109.800   117639.930   142433.953
     184.289       27.000   116655.375   142433.953
     185.290      209.700   117639.930   142433.953
     186.292      619.000   117640.379   142433.953
     187.294       11.000   116357.277   142433.953
     188.295       67.900   117407.090   142433.953
     189.296      751.800   117641.117   142433.953
     190.298       15.000   117641.117   142433.953
     191.300       52.900   117097.422   142433.953
     192.301      737.900   117640.320   142433.953
     193.303       26.000   117640.320   142433.953
     194.304       36.900   116777.195   142433.953
     195.306      473.300   116780.516   141574.098
     196.307      312.500   117640.586   142433.953
     197.309        3.000   117635.043   142433.953
     198.311       74.900   117320.156   142433.953
     199.312      729.000   117641.023   142433.953
     200.314       19.000   117641.023   142433.953
     201.315       42.900   116916.602   142433.953
     202.316      486.300   116781.273   141574.098
     203.318      296.500   117640.668   142433.953
     204.320       21.000   116584.699   142433.953
     205.321       92.800   117640.668   142433.953
     206.323      713.700   117640.223   142433.953
     207.325        8.000   117640.223   142433.953
     208.326       68.900   117292.980   142433.953
     209.328      739.900   117640.969   142433.953
     210.329       21.000   117640.969   142433.953
     211.331       43.900   116920.672   142433.953
     212.332      663.200   116781.008   141574.098
     213.333     5069.600   116788.703   141574.098
     214.335     5591.500   116788.801   141574.098
     215.336     5614.200   116788.801   141574.098
     216.338     5589.300   116788.801   141574.098
     217.340     5611.900   116788.801   141574.098
     218.341     5583.900   116788.801   141574.098
     219.343     5120.300   116788.801   141574.098
     220.344     3750.200   116788.801   141574.098
     221.346     4916.700   116788.801   141574.098
     222.347     4890.600   116788.801   141574.098
     223.348     2797.200   116789.027   141574.098
     224.350     5590.400   116789.027   141574.098
     225.351     3510.500   116864.688   141638.098
     226.353     5612.500   116864.688   141638.098
     227.354     5587.700   116864.688   141638.098
     228.357     5610.400   116864.688   141638.098
     229.359     5584.900   116864.688   141638.098
     230.361     5585.400   118528.473   143384.977
     231.364     5584.300   121612.988   147145.234
     232.366     5542.800   124560.277   149167.613
     233.369     5518.200   127103.590   153520.871
     234.371     5603.100   129773.520   155862.125
     235.374     5348.800   131880.203   158320.504
     236.376     5257.000   134386.887   160901.883
     237.379     5468.300   136976.320   163612.387
     238.381     5561.800   139641.602   166458.516
     239.383     5582.200   142451.637   169447.020
     240.386     5583.500   145140.566   172585.023
     241.388     5589.500   147735.086   172585.023
     242.391     5583.300   150408.539   175880.027
     243.393     5609.100   153059.531   179339.781
     244.395     5602.700   155938.473   182972.535
     245.398     4002.500   161643.414   186787.039
     246.399     3011.200   167241.617   194997.922
     247.401     1394.900   170182.797   194997.922
     248.402     3667.400   170242.363   194933.922
     249.404     5551.400   177897.000   203986.805
     250.405     5514.500   188137.711   213967.812
     251.407     5521.500   198079.379   224972.070
     252.409     5529.700   208039.699   237104.578
     253.410     5527.500   218038.766   243629.582
     254.412     5532.400   228027.637   257674.715
     255.414     3503.500   232970.535   257674.715
     256.423      974.400   234238.691   258925.414
     257.425       24.000   234238.691   258925.414
     258.426        2.000   233925.148   258925.414
     259.428       70.900   233950.746   259511.570
     260.429      722.900   233574.391   258260.871
     261.431      571.100   234825.551   259511.570
     262.432       22.000   234825.551   259511.570
     263.434       12.000   233023.840   259511.570
     264.435       68.900   234102.527   259511.570
     265.437      620.000   233575.070   258260.871
     266.439      555.100   234826.230   259511.570
     267.440       17.000   234826.230   259511.570
     268.442       27.000   233231.285   259511.570
     269.443       70.900   234242.684   259511.570
     270.445      705.900   233575.750   258260.871
     271.446      543.200   234826.395   259511.570
     272.448       13.000   234826.395   259511.570
     273.449       36.900   233417.848   259511.570
     274.451       67.900   234490.863   259511.570
     275.452     1208.200   234825.527   259511.570
     276.454       32.000   234825.527   259511.570
     277.455        5.000   234825.527   259511.570
     278.457       53.900   233645.145   259511.570
     279.458       69.900   234713.520   259511.570
     280.460     1220.300   234825.176   259511.570
     281.461       31.000   234825.176   259511.570
     282.463        0.000   234825.176   259511.570
     283.465       69.900   233921.684   259511.570
     284.466      679.800   233574.695   258260.871
     285.468      567.000   234825.598   259511.570
     286.470       22.000   234825.598   259511.570
     287.471       23.000   233178.574   259511.570
     288.473       67.900   234238.184   259511.570
     289.474      745.900   233575.117   258260.871
     290.476      551.000   234825.246   259511.570
     291.477       11.000   234825.246   259511.570
     292.479       43.900   233497.910   259511.570
     293.480       66.900   234577.887   259511.570
     294.482     1193.900   234825.926   259511.570
     295.484       32.000   234825.926   259511.570
     296.485        3.000   234825.926   259511.570
     297.487       68.900   233803.066   259511.570
     298.488      391.500   234825.926   259511.570
     299.490      831.600   234826.605   259511.570
     300.491       25.000   234826.605   259511.570
     301.493       16.000   233068.980   259511.570
     302.494       67.900   234150.246   259511.570
     303.496      654.100   233576.125   258260.871
     304.497      554.100   234825.738   259511.570
     305.499       14.000   234825.738   259511.570
     306.501       32.000   233317.160   259511.570
     307.502       67.900   234370.840   259511.570
     308.504      874.400   233999.613   259511.570
     309.506      404.300   234825.387   259511.570
     310.507        9.000   234825.387   259511.570
     311.509       40.900   233461.957   259511.570
     312.510       70.900   234512.543   259511.570
     313.512     1295.800   234825.551   259511.570
     314.513       32.000   234825.551   259511.570
     315.515        4.000   234825.551   259511.570
     316.516       53.900   233639.754   259511.570
     317.518       70.900   234669.199   259511.570
     318.519     1253.100   234825.199   259511.570
     319.521       31.900   234825.199   259511.570
     320.522        0.000   234825.199   259511.570
     321.524       64.900   233835.598   259511.570
     322.525      423.300   234825.223   259511.570
     323.527      769.800   234825.840   259511.570
     324.529       23.000   234825.840   259511.570
     325.530       14.000   233039.855   259511.570
     326.532       67.900   234088.379   259511.570
     327.533      525.200   233577.023   258260.871
     328.535      554.100   234828.441   259511.570
     329.536       15.000   234828.441   259511.570
     330.538       30.000   233316.258   259511.570
     331.540       68.900   234367.875   259511.570
     332.541      989.600   234829.258   259511.570
     333.542       77.900   234829.258   259511.570
     334.544        8.000   234829.258   259511.570
     335.545       46.900   233533.633   259511.570
     336.547       69.900   234594.531   259511.570
     337.549     1029.200   234830.605   259511.570
     338.550       33.000   234830.605   259511.570
     339.552        0.000   234830.605   259511.570
     340.553       64.900   233822.188   259511.570
     341.555      239.600   234831.465   259511.570
     342.556      849.500   234831.660   259511.570
     343.558       26.000   234831.660   259511.570
     344.560       13.000   233033.820   259511.570
     345.561       72.900   234105.289   259511.570
     346.563      540.200   233582.867   258260.871
     347.564      561.200   234834.027   259511.570
     348.565       17.000   234834.027   259511.570
     349.567       36.900   233312.559   259511.570
     350.568       86.900   234370.621   259511.570
     351.569      856.400   234587.527   259511.570
     352.572      228.600   234835.801   259511.570
     353.573        7.000   234835.801   259511.570
     354.574       40.900   233365.637   259511.570
     355.576       87.900   234436.848   259511.570
     356.577     1024.400   234837.906   259511.570
     357.579       34.900   234837.906   259511.570
     358.580        6.000   234837.906   259511.570
     359.582       65.900   233670.930   259511.570
     360.583       88.900   234755.547   259511.570
     361.584     1017.500   234839.988   259511.570
     362.586       32.000   234839.988   259511.570
     363.587        0.000   234835.922   259511.570
     364.589       77.900   233955.316   259511.570
     365.591      517.100   233591.133   258260.871
     366.592      567.000   234841.004   259511.570
     367.594       20.000   234841.004   259511.570
     368.596       23.000   233201.973   259511.570
     369.597       68.900   234271.379   259511.570
     370.599      609.100   233592.227   258260.871
     371.600      540.100   234841.840   259511.570
     372.602       13.000   234841.840   259511.570
     373.604       39.900   233428.652   259511.570
     374.605       77.900   234458.613   259511.570
     375.606      942.300   233992.012   259511.570
     376.608      425.300   234844.082   259511.570
     377.610        9.000   234844.082   259511.570
     378.611       50.900   233610.332   259511.570
     379.613       69.900   234651.637   259511.570
     380.615     1401.600   234846.715   259511.570
     381.616       31.000   234846.715   259511.570
     382.618        4.000   234846.715   259511.570
     383.619       61.900   233764.816   259511.570
     384.621       68.900   234846.613   259511.570
     385.622     1353.800   234848.051   259511.570
     386.624       31.000   234848.051   259511.570
     387.625        4.000   233976.746   259511.570
     388.627       71.900   233996.379   259511.570
     389.628      801.800   234337.504   258260.871
     390.630      557.100   235587.785   259511.570
     391.632       21.000   235587.785   259511.570
     392.633       23.000   233953.801   259511.570
     393.635       70.900   235015.473   259511.570
     394.636      703.800   236215.863   262326.625
     395.638      538.200   237466.426   263577.324
     396.639       12.000   237466.426   263577.324
     397.641       42.900   236098.164   263577.324
     398.642       70.900   237140.500   263577.324
     399.644     1211.900   239342.367   263577.324
     400.646       33.000   239342.367   263577.324
     401.647        5.000   239342.367   263577.324
     402.649       59.900   238223.668   263577.324
     403.650       68.900   239232.488   263577.324
     404.652     1187.000   241217.945   267846.516
     405.654       31.900   241217.945   267846.516
     406.655        0.000   241217.945   267846.516
     407.656       66.900   240260.508   267846.516
     408.658      593.200   243093.266   267846.516
     409.659      661.900   243095.625   267846.516
     410.661       24.000   243095.625   267846.516
     411.662       17.000   241367.871   267846.516
     412.664       67.900   242431.348   267846.516
     413.666      698.800   243723.391   271078.570
     414.667      551.200   244973.637   272329.270
     415.669       15.000   244973.637   272329.270
     416.670       39.900   243565.258   272329.270
     417.672       67.900   244632.344   272329.270
     418.673     1212.900   246849.805   272329.270
     419.675       32.000   246849.805   272329.270
     420.676        7.000   246849.805   272329.270
     421.678       46.900   245554.266   272329.270
     422.680       69.900   246589.641   272329.270
     423.681     1217.800   248726.324   272329.270
     424.683       32.000   248726.324   272329.270
     425.684        4.000   248726.324   272329.270
     426.686       53.900   247562.094   272329.270
     427.688       66.900   248635.109   272329.270
     428.689     1200.000   250602.672   277036.273
     429.691       31.900   250602.672   277036.273
     430.692        0.000   250602.672   277036.273
     431.694       65.900   249584.234   277036.273
     432.695      113.800   250741.551   277036.273
     433.697     1158.100   252479.844   277036.273
     434.699       28.000   252479.844   277036.273
     435.700        0.000   252383.867   277036.273
     436.702       72.900   251606.605   277036.273
     437.703      687.800   253106.488   280728.078
     438.705      564.000   254357.820   281978.777
     439.707       22.000   254357.820   281978.777
     440.708       16.000   252592.000   281978.777
     441.710       71.900   253664.500   281978.777
     442.711      711.900   254983.934   280728.078
     443.713      555.100   256233.828   281978.777
     444.714       19.000   256233.828   281978.777
     445.716       29.000   254620.664   281978.777
     446.717       86.900   255655.781   281978.777
     447.719      712.800   256860.113   280728.078
     448.720      547.200   258110.402   281978.777
     449.722       14.000   258110.402   281978.777
     450.723       32.900   256606.871   281978.777
     451.725       70.900   257630.387   281978.777
     452.727      708.800   258737.918   285917.707
     453.728      542.100   259988.875   287168.406
     454.730       12.000   259988.875   287168.406
     455.732       40.900   258635.043   287168.406
     456.733       68.900   259705.738   287168.406
     457.735     1212.000   261864.441   287168.406
     458.737       35.900   261864.441   287168.406
     459.738        4.000   261864.441   287168.406
     460.740       72.900   260776.953   287168.406
     461.741       86.900   261816.195   287168.406
     462.743     1208.900   263742.395   292617.535
     463.744       32.900   263742.395   292617.535
     464.746        0.000   263726.559   292617.535
     465.748       87.900   262837.844   292617.535
     466.749      694.000   265047.141   292617.535
     467.750      572.100   265619.777   292617.535
     468.752       23.000   265619.777   292617.535
     469.754       18.000   263904.070   292617.535
     470.755       68.900   264990.492   292617.535
     471.757      768.800   266245.902   291366.836
     472.758      551.100   267496.516   292617.535
     473.760       16.000   267496.516   292617.535
     474.762       34.900   266050.977   292617.535
     475.763       68.900   267105.430   292617.535
     476.764     1173.000   269192.461   298339.289
     477.766      192.700   269372.930   298339.289
     478.768        9.000   269372.930   298339.289
     479.769       49.900   268124.059   298339.289
     480.771       69.900   269154.793   298339.289
     481.772     1341.000   271248.312   298339.289
     482.774       32.000   271248.312   298339.289
     483.775        3.000   271248.312   298339.289
     484.777       59.900   270196.852   298339.289
     485.779      163.700   271517.613   298339.289
     486.780     1238.200   273127.023   298339.289
     487.782       29.000   273127.023   298339.289
     488.783        5.000   271887.035   298339.289
     489.785       69.900   272284.711   298339.289
     490.786      837.700   273753.152   303096.469
     491.788      564.100   275004.590   304347.168
     492.790       23.000   275004.590   304347.168
     493.791       20.000   273292.203   304347.168
     494.793       68.900   274352.586   304347.168
     495.794      857.600   275629.875   303096.469
     496.796      557.100   276880.367   304347.168
     497.797       16.000   276880.367   304347.168
     498.799       34.900   275410.113   304347.168
     499.801       78.900   276436.465   304347.168
     500.802      860.600   277507.164   303096.469
     501.804      540.000   278756.820   304347.168
     502.806       11.000   278756.820   304347.168
     503.807       53.900   277430.691   304347.168
     504.808       85.900   278481.793   304347.168
     505.810     1360.600   280635.605   304347.168
     506.812       33.900   280635.605   304347.168
     507.813        7.000   280635.605   304347.168
     508.814       66.900   279458.051   304347.168
     509.816       80.900   280508.121   304347.168
     510.817     1368.600   282511.074   310655.609
     511.819       32.900   282511.074   310655.609
     512.821        0.000   282511.074   310655.609
     513.822       68.900   281577.031   310655.609
     514.824      663.000   284042.965   310655.609
     515.825      758.800   284387.727   310655.609
     516.827       28.000   284387.727   310655.609
     517.829       18.000   282640.215   310655.609
     518.830       88.900   283711.168   310655.609
     519.831      891.600   285013.980   309404.910
     520.835      532.400   286265.789   310655.609
     521.836       15.000   286265.789   310655.609
     522.838       37.900   284842.297   310655.609
     523.839       76.900   285907.578   310655.609
     524.841     1272.100   288009.664   317279.613
     525.842      151.700   288142.438   317279.613
     526.844        6.000   288142.438   317279.613
     527.846       56.900   286988.617   317279.613
     528.847       68.900   288011.875   317279.613
     529.849     1368.800   290020.070   317279.613
     530.850       32.900   290020.070   317279.613
     531.852        0.000   290020.070   317279.613
     532.854       71.900   289067.965   317279.613
     533.855      667.000   291561.734   317279.613
     534.857      757.700   291896.465   317279.613
     535.858       27.000   291896.465   317279.613
     536.860       17.000   290139.941   317279.613
     537.862       86.900   291154.949   317279.613
     538.863      902.600   292523.188   322984.230
     539.865      538.200   293772.781   324234.930
     540.866       19.000   293772.781   324234.930
     541.867       31.000   292231.391   324234.930
     542.869       68.900   293274.500   324234.930
     543.870     1045.500   294663.977   323365.703
     544.872      525.200   293316.844   321504.680
     545.873     4456.100   295340.820   321504.680
     546.875     5440.200   298885.492   328807.809
     547.877     5495.400   302513.461   328807.809
     548.879     5452.100   306005.195   336476.188
     549.880     5481.900   309541.730   336476.188
     550.882     5444.500   312929.395   344528.004
     551.884     5474.600   316342.727   344528.004
     552.885     5325.300   319787.184   344528.004
     553.887     5103.800   321554.664   352982.570
     554.889     5184.000   321557.969   352982.570
     555.891     4410.500   321558.129   352982.570
     556.893      536.200   322801.340   354233.270
     557.894       15.000   322801.340   354233.270
     558.896       45.900   323038.078   355712.820
     559.897       67.900   324077.320   355712.820
     560.898     1269.000   324280.609   355712.820
     561.900       30.000   324280.609   355712.820
     562.902        1.000   324280.609   355712.820
     563.903       66.900   323378.266   355712.820
     564.905      832.800   323030.129   355712.820
     565.906      551.100   324281.805   355712.820
     566.908       20.000   324281.805   355712.820
     567.909       26.000   322694.969   355712.820
     568.910       67.900   323757.930   355712.820
     569.911      830.500   323122.906   355712.820
     570.914      502.100   324281.258   355712.820
     571.915       10.000   324281.258   355712.820
     572.917       64.900   323283.523   355712.820
     573.919      249.500   324281.355   355712.820
     574.921      974.200   324281.418   355712.820
     575.922       23.000   324281.418   355712.820
     576.924       17.000   322569.285   355712.820
     577.926       69.900   323630.699   355712.820
     578.927      787.800   323030.906   354462.121
     579.929      537.200   324282.121   355712.820
     580.930       12.000   324282.121   355712.820
     581.932       42.900   322939.434   355712.820
     582.933       68.900   324004.199   355712.820
     583.935     1188.100   324280.609   355712.820
     584.937       32.900   324280.609   355712.820
     585.938       12.000   322460.195   355712.820
     586.940       91.800   323523.930   355712.820
     587.941      781.600   323030.082   354462.121
     588.943      542.200   324280.926   355712.820
     589.944       17.000   324280.926   355712.820
     590.946       31.900   322786.645   355712.820
     591.948       69.900   323808.355   355712.820
     592.949     1011.000   324050.895   355712.820
     593.951      194.600   324284.988   355712.820
     594.953        8.000   324284.988   355712.820
     595.955       54.900   323156.543   355712.820
     596.956       67.900   324215.895   355712.820
     597.958     1172.000   324286.113   355712.820
     598.959       26.000   324286.113   355712.820
     599.961       14.000   322529.520   355712.820
     600.962       69.900   323552.254   355712.820
     601.964      742.700   323035.598   354462.121
     602.966      542.100   324285.992   355712.820
     603.968       16.000   324285.992   355712.820
     604.969       50.900   323099.938   355712.820
     605.971       80.900   324120.590   355712.820
     606.972     1231.100   324286.758   355712.820
     607.974       33.900   324286.758   355712.820
     608.975       22.000   322557.234   355712.820
     609.977      100.800   323556.516   355712.820
     610.978      745.900   323037.062   354462.121
     611.980      558.100   324287.141   355712.820
     612.981       18.000   324287.141   355712.820
     613.983       63.900   322969.719   355712.820
     614.985      100.900   323974.156   355712.820
     615.986     1357.800   324286.188   355712.820
     616.988       30.000   324286.188   355712.820
     617.989        6.000   324286.188   355712.820
     618.991       56.900   323163.930   355712.820
     619.992       70.900   324205.750   355712.820
     620.994     1364.100   324287.070   355712.820
     621.995       32.000   324287.070   355712.820
     622.996        5.000   322885.523   355712.820
     623.998       99.900   323260.203   355712.820
     624.999       99.900   324132.898   355712.820
     626.001     2703.400   323037.801   354462.121
     627.003     5588.800   323037.801   354462.121
     628.004     5612.100   323037.801   354462.121
     629.006     5585.000   323037.801   354462.121
     630.008     2969.100   323037.801   354462.121
     631.010     3570.400   323043.730   354462.121
     632.011     4976.800   323043.730   354462.121
     633.014     5587.700   323043.730   354462.121
     634.016     5606.800   323043.730   354462.121
     635.019     5587.000   323043.730   354462.121
     636.021     5607.600   323043.730   354462.121
     637.023     5558.300   323043.730   354462.121
     638.025     3905.700   323043.777   354462.121
     639.027     5272.200   323043.801   354462.121
     640.028      576.000   324286.746   355712.820
     641.030       24.000   324286.746   355712.820
     642.032       33.900   322653.504   355712.820
     643.033      100.800   323518.723   355712.820
     644.035      698.000   323491.414   355712.820
     645.036      554.100   324287.672   355712.820
     646.038       24.000   324287.672   355712.820
     647.039       31.900   322636.383   355712.820
     648.041      100.900   323508.305   355712.820
     649.042      667.100   323979.191   355712.820
     650.044      592.100   324286.805   355712.820
     651.045       24.000   324286.805   355712.820
     652.047       47.900   322760.555   355712.820
     653.048       99.900   323634.281   355712.820
     654.050      690.900   323036.324   354462.121
     655.051      544.000   324286.711   355712.820
     656.053       17.000   324286.711   355712.820
     657.055       50.900   322793.461   355712.820
     658.056       99.900   323663.836   355712.820
     659.058      695.900   323036.230   354462.121
     660.059      537.100   324287.133   355712.820
     661.061       16.000   324287.133   355712.820
     662.062       48.900   322767.844   355712.820
     663.064       99.900   323640.539   355712.820
     664.065      692.900   323036.652   354462.121
     665.067      539.200   324286.523   355712.820
     666.068       18.000   324286.523   355712.820
     667.070       67.900   322937.648   355712.820
     668.071       99.900   323812.148   355712.820
     669.073      713.800   323036.043   354462.121
     670.074      536.100   324286.430   355712.820
     671.076       13.000   324286.430   355712.820
     672.077       73.900   322992.984   355712.820
     673.079       99.900   323863.617   355712.820
     674.080      851.500   323511.094   355712.820
     675.082      372.300   324287.883   355712.820
     676.084        9.000   324287.883   355712.820
     677.086       71.900   322969.172   355712.820
     678.087       99.900   323841.094   355712.820
     679.088      695.000   323037.402   355712.820
     680.090      524.300   324287.016   355712.820
     681.091       11.000   324287.016   355712.820
     682.093       75.900   323014.195   355712.820
     683.094      100.900   323886.891   355712.820
     684.096      986.200   323893.500   355712.820
     685.098      236.600   324286.922   355712.820
     686.100        9.000   324286.922   355712.820
     687.101       81.900   323065.406   355712.820
     688.103       99.900   323946.867   355712.820
     689.104     1186.200   324287.086   355712.820
     690.106       33.000   324287.086   355712.820
     691.107        7.000   324287.086   355712.820
     692.109       80.900   323059.641   355712.820
     693.110       99.900   323943.422   355712.820
     694.112     1234.000   324286.477   355712.820
     695.114       32.000   324286.477   355712.820
     696.115        6.000   324286.477   355712.820
     697.116       82.900   323070.117   355712.820
     698.118       99.900   323948.742   355712.820
     699.119     1218.000   324287.414   355712.820
     700.121       32.900   324287.414   355712.820
     701.123        7.000   324287.414   355712.820
     702.124       85.900   323101.477   355712.820
     703.126       99.900   323983.453   355712.820
     704.127     1187.100   324287.320   355712.820
     705.129       31.900   324287.320   355712.820
     706.131        6.000   324287.320   355712.820
     707.132       78.900   323040.539   355712.820
     708.134      100.900   323922.258   355712.820
     709.135     1174.100   324286.969   355712.820
     710.137       31.000   324286.969   355712.820
     711.138        8.000   324286.969   355712.820
     712.140       80.900   323052.305   355712.820
     713.141       99.900   323935.055   355712.820
     714.143     1644.300   323036.926   354462.121
     715.144     5354.700   323036.926   354462.121
     716.146     4842.200   323036.926   354462.121
     717.148     4920.400   323036.926   354462.121
     718.149     4910.500   323036.926   354462.121
     719.151     4939.600   323036.926   354462.121
     720.153     4991.300   323036.926   354462.121
     721.154     4775.800   323036.926   354462.121
     722.156     4976.800   323036.926   354462.121
     723.158     4624.000   323040.484   354462.121
     724.160     5269.000   323043.637   354462.121
     725.161     4239.800   323043.801   354462.121
     726.163      533.200   324286.996   355712.820
     727.165       15.000   324286.996   355712.820
     728.166       62.900   322900.738   355712.820
     729.168       99.900   323778.074   355712.820
     730.169      695.000   323036.430   354462.121
     731.171      526.200   324287.074   355712.820
     732.172       11.000   324287.074   355712.820
     733.174       62.900   322891.793   355712.820
     734.176       99.900   323769.387   355712.820
     735.177      737.800   323036.594   354462.121
     736.179      538.100   324286.465   355712.820
     737.180       13.000   324286.465   355712.820
     738.182       56.900   322834.980   355712.820
     739.183       99.900   323698.652   355712.820
     740.185      735.800   323035.984   354462.121
     741.187      536.100   324286.887   355712.820
     742.188       16.000   324286.887   355712.820
     743.190       48.900   322815.293   355712.820
     744.192      100.900   323794.465   355712.820
     745.193      792.800   323038.211   355712.820
     746.195      523.000   324287.566   355712.820
     747.196       11.000   324287.566   355712.820
     748.198       69.900   323020.676   355712.820
     749.200       99.900   323994.691   355712.820
     750.201     1198.200   324287.988   355712.820
     751.203       35.900   324287.988   355712.820
     752.204       16.000   322484.074   355712.820
     753.206       98.900   323447.777   355712.820
     754.207      732.900   323075.957   355712.820
     755.209      547.200   324286.863   355712.820
     756.210       24.000   324286.863   355712.820
     757.212       53.900   322867.090   355712.820
     758.214       99.900   323837.754   355712.820
     759.215     1008.100   323685.809   355712.820
     760.217      322.400   324286.770   355712.820
     761.219       10.000   324286.770   355712.820
     762.221       98.900   323291.355   355712.820
     763.222       98.900   324265.113   355712.820
     764.223     1189.300   324286.934   355712.820
     765.225       27.000   324286.934   355712.820
     766.227       43.900   322759.910   355712.820
     767.228       99.900   323737.535   355712.820
     768.230      704.900   323036.453   354462.121
     769.231      532.200   324286.840   355712.820
     770.233       13.000   324286.840   355712.820
     771.235       74.900   323002.418   355712.820
     772.236      100.900   323872.020   355712.820
     773.238      943.200   323809.020   355712.820
     774.240      273.500   324287.520   355712.820
     775.241        9.000   324287.520   355712.820
     776.243       67.900   322993.301   355712.820
     777.244       99.900   323966.285   355712.820
     778.246     1235.200   324287.941   355712.820
     779.247       33.000   324287.941   355712.820
     780.249        5.000   324287.941   355712.820
     781.250       82.900   323076.223   355712.820
     782.252       99.900   323948.145   355712.820
     783.253     1320.800   324287.332   355712.820
     784.255       31.900   324287.332   355712.820
     785.256        8.000   324287.332   355712.820
     786.258       83.900   323080.512   355712.820
     787.260       99.900   323955.012   355712.820
     788.261     1231.200   324287.238   355712.820
     789.262       31.000   324287.238   355712.820
     790.264        7.000   324287.238   355712.820
     791.266       83.900   323078.355   355712.820
     792.267       99.900   323950.535   355712.820
     793.268     1239.200   324286.887   355712.820
     794.270       33.000   324286.887   355712.820
     795.271        6.000   324286.887   355712.820
     796.273       77.900   323022.059   355712.820
     797.275       99.900   323899.137   355712.820
     798.276     1269.900   323037.555   354462.121
     799.278     5586.600   323037.672   354462.121
     800.279     5588.900   323037.672   354462.121
     801.281     5607.100   323037.672   354462.121
     802.283     3634.900   323037.672   354462.121
     803.284      880.700   323037.672   354462.121
     804.286     4589.800   323039.324   354462.121
     805.288     5607.100   323039.324   354462.121
     806.291     5587.200   323039.324   354462.121
     807.293     5607.400   323039.324   354462.121
     808.296     5608.500   323039.324   354462.121
     809.298     5585.600   323039.324   354462.121
     810.301     4486.400   323039.324   354462.121
     811.302     4702.500   323042.297   354462.121
     812.304     3580.300   323043.133   354462.121
     813.305      528.200   324286.906   355712.820
     814.307       16.000   324286.906   355712.820
     815.308       47.900   322762.203   355712.820
     816.310       99.900   323632.836   355712.820
     817.311      698.000   323036.375   354462.121
     818.313      535.100   324287.535   355712.820
     819.315       19.000   324287.535   355712.820
     820.316       41.900   322712.559   355712.820
     821.318       98.900   323582.676   355712.820
     822.319      692.900   323037.055   354462.121
     823.321      540.200   324286.926   355712.820
     824.322       21.000   324286.926   355712.820
     825.324       32.900   322631.512   355712.820
     826.325       99.900   323499.824   355712.820
     827.327      613.100   324236.445   355712.820
     828.328      626.100   324286.832   355712.820
     829.330       24.000   324286.832   355712.820
     830.331       25.000   322573.668   355712.820
     831.333      100.800   323445.590   355712.820
     832.334      314.400   324286.832   355712.820
     833.336      919.300   324287.254   355712.820
     834.338       25.000   324287.254   355712.820
     835.340       18.000   322509.121   355712.820
     836.341      100.900   323376.918   355712.820
     837.342       98.900   324252.449   355712.820
     838.344     1156.100   324287.160   355712.820
     839.346       28.000   324287.160   355712.820
     840.347       15.000   322485.824   355712.820
     841.349       99.900   323356.715   355712.820
     842.350       99.900   324236.113   355712.820
     843.351     1148.200   324287.625   355712.820
     844.353       28.000   324287.625   355712.820
     845.355       31.900   322633.641   355712.820
     846.356      100.900   323509.430   355712.820
     847.358      707.000   323925.266   355712.820
     848.359      566.100   324288.426   355712.820
     849.361       22.000   324288.426   355712.820
     850.363       25.000   322684.457   355712.820
     851.364       69.900   323702.043   355712.820
     852.366      683.900   323037.945   354462.121
     853.367      528.100   324287.816   355712.820
     854.369       12.000   324287.816   355712.820
     855.371       59.900   323254.645   355712.820
     856.372       70.900   324271.715   355712.820
     857.374     1142.200   324288.496   355712.820
     858.375       26.000   324288.496   355712.820
     859.377       26.000   322722.941   355712.820
     860.378       71.900   323763.215   355712.820
     861.380      667.900   323038.016   354462.121
     862.382      525.100   324288.660   355712.820
     863.383       11.000   324288.660   355712.820
     864.385       63.900   323308.598   355712.820
     865.386      509.200   324288.660   355712.820
     866.388      707.900   324287.793   355712.820
     867.389       23.000   324287.793   355712.820
     868.391       30.000   322779.215   355712.820
     869.392       69.900   323819.746   355712.820
     870.394      929.100   323582.582   355712.820
     871.396      351.300   324288.473   355712.820
     872.398        9.000   324288.473   355712.820
     873.399       53.900   323150.371   355712.820
     874.401       67.900   324221.582   355712.820
     875.403     1247.000   324288.121   355712.820
     876.404       27.000   324288.121   355712.820
     877.405        9.000   322466.043   355712.820
     878.407       69.900   323527.457   355712.820
     879.408      846.800   323037.641   354462.121
     880.410      537.100   324287.770   355712.820
     881.412       18.000   324287.770   355712.820
     882.413       32.900   322827.918   355712.820
     883.415       69.900   323872.832   355712.820
     884.416     1521.000   323038.500   354462.121
     885.418     5591.700   323043.336   354462.121
     886.419     5590.600   323043.609   354462.121
     887.421     4826.700   323044.113   354462.121
     888.423      537.100   324288.254   355712.820
     889.424       17.000   324288.254   355712.820
     890.426       44.900   323020.730   355712.820
     891.427       69.900   324056.879   355712.820
     892.429     1204.000   324288.750   355712.820
     893.431       31.000   324288.750   355712.820
     894.432        2.000   324288.750   355712.820
     895.434       68.900   323420.695   355712.820
     896.435      698.900   323038.270   354462.121
     897.437      551.100   324287.625   355712.820
     898.438       19.000   324287.625   355712.820
     899.440       28.000   322723.477   355712.820
     900.442       95.900   323754.984   355712.820
     901.443     1099.500   323991.820   355416.656
     902.444       87.900   323991.820   355416.656
     903.446       19.000   322318.617   354972.492
     904.447       75.900   323374.617   354972.492
     905.449     4484.900   322595.703   354017.957
     906.451     5588.400   322600.449   354017.957
     907.452     4351.300   322600.668   354017.957
     908.455     5595.500   322600.668   354017.957
     909.458     5597.800   322600.668   354017.957
     910.460     5607.800   322600.668   354017.957
     911.462     5585.900   322600.668   354017.957
     912.465     5606.300   322600.668   354017.957
     913.468     5098.800   322600.668   354017.957
     914.469     4375.000   322600.668   354017.957
     915.471     1091.300   323842.859   355268.656
     916.472       32.000   323842.859   355268.656
     917.474       30.000   322668.523   355712.820
     918.475       99.900   323700.805   355712.820
     919.477      679.800   323036.625   354462.121
     920.478      529.200   324288.301   355712.820
     921.480       10.000   324288.301   355712.820
     922.482       67.900   323375.129   355712.820
     923.483      645.000   323871.809   355712.820
     924.485      575.100   324288.723   355712.820
     925.486       22.000   324288.723   355712.820
     926.488       39.900   322950.418   355712.820
     927.489       67.900   324014.668   355712.820
     928.491     1151.000   324288.113   355712.820
     929.493       32.000   324288.113   355712.820
     930.494       14.000   322505.855   355712.820
     931.496       68.900   323537.105   355712.820
     932.497      678.900   323037.633   354462.121
     933.499      539.200   324289.309   355712.820
     934.500       16.000   324289.309   355712.820
     935.502       50.900   323092.027   355712.820
     936.503       67.900   324157.051   355712.820
     937.505     1220.000   324288.699   355712.820
     938.506       30.000   324288.699   355712.820
     939.508       21.000   322659.324   355712.820
     940.509       69.900   323701.660   355712.820
     941.510      801.800   323038.336   354462.121
     942.512      530.100   324287.691   355712.820
     943.514       12.000   324287.691   355712.820
     944.516       61.900   323264.316   355712.820
     945.516       83.900   324287.574   355712.820
     946.518     1067.000   323696.691   355120.488
     947.520       40.900   322309.801   354232.156
     948.521     2532.700   322156.664   353573.789
     949.523     5590.300   322156.664   353573.789
     950.524     5614.400   322156.664   353573.789
     951.526     5591.800   322156.664   353573.789
     952.527     5294.900   322156.664   353573.789
     953.529     3223.000   323398.965   354824.488
     954.530       30.000   323398.965   354824.488
     955.532        6.000   322679.191   354824.488
     956.533       69.900   323468.367   355712.820
     957.535      763.800   323036.512   354462.121
     958.536      545.200   324288.445   355712.820
     959.538       18.000   324288.445   355712.820
     960.540       46.900   323028.258   355712.820
     961.541       68.900   324086.836   355712.820
     962.543     1287.900   324288.609   355712.820
     963.544       33.000   324288.609   355712.820
     964.545       20.000   322623.398   355712.820
     965.547       69.900   323667.281   355712.820
     966.549      794.600   323038.129   354462.121
     967.550      531.100   324287.484   355712.820
     968.552       14.000   324287.484   355712.820
     969.553       69.900   323120.625   355712.820
     970.555       96.900   324160.898   355712.820
     971.556     1293.100   324288.422   355712.820
     972.558       32.000   324288.422   355712.820
     973.559        4.000   323227.820   355712.820
     974.561       97.900   323454.656   355712.820
     975.562      725.900   323037.941   354462.121
     976.564      544.000   324288.070   355712.820
     977.566       18.000   324288.070   355712.820
     978.567       32.000   322809.000   355712.820
     979.569       70.900   323848.500   355712.820
     980.570     1196.100   324229.711   355712.820
     981.572      137.800   324287.461   355712.820
     982.573        9.000   324287.461   355712.820
     983.575       56.900   323149.477   355712.820
     984.576       68.900   324179.953   355712.820
     985.578     1086.200   323695.945   355120.488
     986.579       25.000   322032.281   354232.156
     987.580     1231.100   322151.176   353573.789
     988.582     5588.400   322155.047   353573.789
     989.584     5611.800   322155.895   353573.789
     990.586     5589.200   322156.457   353573.789
     991.588     3751.600   322156.457   353573.789
     992.590     3977.300   322156.457   353573.789
     993.592     5608.600   322156.457   353573.789
     994.595     5602.400   322156.457   353573.789
     995.598     5589.200   322156.457   353573.789
     996.600     5607.100   322156.457   353573.789
     997.603     5585.500   322156.457   353573.789
     998.605     5201.900   322156.457   353573.789
     999.607     4468.000   322156.457   353573.789
    1000.608      984.400   323399.785   354824.488
    1001.610       29.000   323399.785   354824.488
    1002.611       12.000   322512.395   355712.820
    1003.613       58.900   323121.090   355712.820
    1004.614       59.900   323680.801   355712.820
    1005.616       63.900   324240.770   355712.820
    1006.617     1190.000   324288.551   355712.820
    1007.619       18.000   324288.551   355712.820
    1008.620       15.000   324288.551   355712.820
    1009.622       20.000   322552.957   355712.820
    1010.623       57.900   323112.410   355712.820
    1011.625       61.900   323676.762   355712.820
    1012.626       57.900   324234.926   355712.820
    1013.628     1178.100   324287.684   355712.820
    1014.629       18.000   324287.684   355712.820
    1015.631       15.000   324287.684   355712.820
    1016.633       21.000   322558.793   355712.820
    1017.634       59.900   323119.277   355712.820
    1018.636       60.900   323721.785   355712.820
    1019.637       57.900   324287.684   355712.820
    1020.639     1181.900   324287.332   355712.820
    1021.640       17.000   324287.332   355712.820
    1022.641       14.000   324287.332   355712.820
    1023.643       27.000   322639.652   355712.820
    1024.644       58.900   323202.199   355712.820
    1025.646       58.900   323761.395   355712.820
    1026.647      370.400   324287.332   355712.820
    1027.649      879.500   324289.043   355712.820
    1028.651       19.000   324289.043   355712.820
    1029.652       13.000   324289.043   355712.820
    1030.654       20.000   322559.379   355712.820
    1031.656       57.900   323132.496   355712.820
    1032.657       59.900   323690.918   355712.820
    1033.659       57.900   324250.629   355712.820
    1034.660     1207.100   324287.918   355712.820
    1035.662       18.000   324287.918   355712.820
    1036.663       15.000   324287.918   355712.820
    1037.665       16.000   322509.527   355712.820
    1038.666       58.900   323075.168   355712.820
    1039.668       60.900   323633.848   355712.820
    1040.669       57.900   324192.785   355712.820
    1041.671     1189.300   324287.566   355712.820
    1042.672       19.000   324287.566   355712.820
    1043.673       18.000   324287.566   355712.820
    1044.675        0.000   324287.566   355712.820
    1045.677       46.900   322922.449   355712.820
    1046.678       44.900   323481.645   355712.820
    1047.680       44.900   324040.840   355712.820
    1048.681      969.600   323695.535   355120.488
    1049.683       18.000   323695.535   355120.488
    1050.684       22.000   322015.629   354232.156
    1051.685       43.900   322574.309   354232.156
    1052.687     2950.600   322156.457   353573.789
    1053.688     5613.600   322156.457   353573.789
    1054.690     5590.400   322156.457   353573.789
    1055.691     5591.700   322156.457   353573.789
    1056.693     5337.700   322156.457   353573.789
    1057.695     2465.900   323399.320   354824.488
    1058.696       18.000   323399.320   354824.488
    1059.698       19.000   323399.320   354824.488
    1060.699        4.000   322418.086   355712.820
    1061.700       50.900   322978.312   355712.820
    1062.702       60.900   323536.734   355712.820
    1063.703       60.900   324097.734   355712.820
    1064.705     1250.100   324287.465   355712.820
    1065.706       18.000   324287.465   355712.820
    1066.708       18.000   324287.465   355712.820
    1067.709       10.000   322425.027   355712.820
    1068.711       52.900   322983.965   355712.820
    1069.712       59.900   323542.645   355712.820
    1070.714       59.900   324101.066   355712.820
    1071.715     1271.100   324288.402   355712.820
    1072.717       19.000   324288.402   355712.820
    1073.718       19.000   324288.402   355712.820
    1074.720        4.000   324288.402   355712.820
    1075.721       64.900   323257.668   355712.820
    1076.723      304.400   324288.402   355712.820
    1077.725     1026.100   324288.309   355712.820
    1078.727       27.000   324288.309   355712.820
    1079.728       37.900   322857.449   355712.820
    1080.730       76.900   323928.918   355712.820
    1081.731     1291.800   324287.957   355712.820
    1082.733       33.000   324287.957   355712.820
    1083.735       14.000   322431.707   355712.820
    1084.736       68.900   323496.730   355712.820
    1085.738      725.800   323037.477   354462.121
    1086.739      535.100   324289.410   355712.820
    1087.741       19.000   324289.410   355712.820
    1088.743       36.900   322854.426   355712.820
    1089.744       75.900   323920.480   355712.820
    1090.746     1293.900   324287.512   355712.820
    1091.747       33.000   324287.512   355712.820
    1092.749        7.000   324287.512   355712.820
    1093.751       67.900   323279.465   355712.820
    1094.752      305.500   324287.512   355712.820
    1095.754      829.400   323696.254   355120.488
    1096.756       32.900   322173.355   354232.156
    1097.757     2071.500   322149.879   353573.789
    1098.759     5590.100   322149.879   353573.789
    1099.761     5610.900   322149.879   353573.789
    1100.763     5589.000   322149.879   353573.789
    1101.765     3760.900   322149.879   353573.789
    1102.767     4129.500   322150.797   353573.789
    1103.770     5607.100   322150.797   353573.789
    1104.772     5606.200   322150.797   353573.789
    1105.775     5607.800   322150.797   353573.789
    1106.778     5584.900   322150.797   353573.789
    1107.780     5607.800   322150.797   353573.789
    1108.783     4639.900   322150.797   353573.789
    1109.785     4460.100   322153.059   353573.789
    1110.787      627.000   323398.398   354824.488
    1111.788       21.000   323398.398   354824.488
    1112.790       31.000   322782.484   355712.820
    1113.791       75.900   323850.086   355712.820
    1114.793     1171.000   324288.020   355712.820
    1115.795       32.000   324288.020   355712.820
    1116.796        7.000   324288.020   355712.820
    1117.797       77.900   323425.379   355712.820
    1118.799      688.900   323037.410   354462.121
    1119.801      543.100   324288.457   355712.820
    1120.802       20.000   324288.457   355712.820
    1121.804       39.900   322905.035   355712.820
    1122.805       76.900   323979.598   355712.820
    1123.807     1175.000   324287.355   355712.820
    1124.809       33.000   324287.355   355712.820
    1125.810        3.000   324287.355   355712.820
    1126.811       71.900   323316.949   355712.820
    1127.812      415.600   324287.355   355712.820
    1128.814      818.700   324287.926   355712.820
    1129.815       25.000   324287.926   355712.820
    1130.817       32.900   322769.152   355712.820
    1131.818       75.900   323797.309   355712.820
    1132.820      944.100   323765.660   355712.820
    1133.822      280.400   324288.504   355712.820
    1134.824        9.000   324288.504   355712.820
    1135.826       75.900   323396.988   355712.820
    1136.827      705.800   323037.809   354462.121
    1137.829      546.000   324288.449   355712.820
    1138.831       23.000   324288.449   355712.820
    1139.832       33.000   322798.035   355712.820
    1140.834       77.900   323890.902   355712.820
    1141.835      964.600   323695.734   355120.488
    1142.837       14.000   323695.734   355120.488
    1143.838      143.700   322807.312   354232.156
    1144.840     5285.700   322150.281   353573.789
    1145.842     3672.700   323178.770   354824.488
    1146.844      191.600   323399.715   354824.488
    1147.846        8.000   323399.715   354824.488
    1148.847       56.900   323122.566   355712.820
    1149.848       76.900   324151.754   355712.820
    1150.851     1169.900   324140.566   355564.738
    1151.852       26.000   324140.566   355564.738
    1152.854       39.900   322718.730   355342.656
    1153.855       76.900   323787.363   355342.656
    1154.857     4742.700   322816.121   354240.039
    1155.858     4833.200   322821.465   354240.039
    1156.860     5609.500   322822.902   354240.039
    1157.862     5588.200   322822.902   354240.039
    1158.865     5607.200   322822.902   354240.039
    1159.867     4729.700   322822.902   354240.039
    1160.868     1030.300   324067.570   355490.738
    1161.870       25.000   324067.570   355490.738
    1162.872       22.000   322617.633   355712.820
    1163.873       76.900   323657.906   355712.820
    1164.875      695.900   323038.863   354462.121
    1165.876      527.200   324289.406   355712.820
    1166.878       15.000   324289.406   355712.820
    1167.879       42.900   322918.359   355712.820
    1168.881       76.900   323964.562   355712.820
    1169.882     1108.100   324065.789   355490.695
    1170.884       28.000   324065.789   355490.695
    1171.886       25.000   322456.781   355157.570
    1172.887       76.900   323515.875   355157.570
    1173.889     4245.200   322704.637   354128.996
    1174.890     5587.200   322711.727   354128.996
    1175.893     2623.100   323954.875   355379.695
    1176.894       33.900   323954.875   355379.695
    1177.896        4.000   322704.828   355379.695
    1178.897       77.900   323467.094   355712.820
    1179.899      827.800   323037.297   354462.121
    1180.900      535.200   324287.949   355712.820
    1181.902       21.000   324287.949   355712.820
    1182.903       49.900   323033.176   355712.820
    1183.904       74.900   324051.277   355712.820
    1184.906     1216.000   324066.930   355490.695
    1185.907       25.000   324066.930   355490.695
    1186.909       42.900   322761.625   355157.570
    1187.911      465.200   323733.836   355157.570
    1188.912     5410.600   322705.828   354128.996
    1189.914     5589.900   322705.828   354128.996
    1190.916     4188.000   322711.785   354128.996
    1191.918     5585.100   322711.785   354128.996
    1192.921     5608.100   322711.785   354128.996
    1193.923     5586.500   322711.785   354128.996
    1194.925     3609.100   322711.785   354128.996
    1195.927      523.200   323955.309   355379.695
    1196.929       12.000   323955.309   355379.695
    1197.930       61.900   323272.105   355712.820
    1198.932      336.500   324288.402   355712.820
    1199.933      899.600   324287.977   355712.820
    1200.935       24.000   324287.977   355712.820
    1201.937       36.900   322863.820   355712.820
    1202.938       69.900   323880.117   355712.820
    1203.940     1109.300   324066.184   355490.695
    1204.941       29.000   324066.184   355490.695
    1205.943       32.900   322604.902   355157.570
    1206.944       68.900   323617.590   355157.570
    1207.946     4787.300   322704.762   354128.996
    1208.947     5581.700   322711.785   354128.996
    1209.949     2113.700   323954.828   355379.695
    1210.950       30.000   323954.828   355379.695
    1211.952       20.000   322633.023   355712.820
    1212.954       68.900   323672.266   355712.820
    1213.955      827.500   323037.270   354462.121
    1214.957      526.100   324288.617   355712.820
    1215.959       14.000   324288.617   355712.820
    1216.960       41.900   322962.688   355712.820
    1217.962       67.900   324002.961   355712.820
    1218.963     1212.000   324065.484   355490.695
    1219.965       29.000   324065.484   355490.695
    1220.967       28.000   322489.992   355157.570
    1221.968       76.900   323547.023   355157.570
    1222.970     4382.200   322704.391   354128.996
    1223.971     5611.700   322704.391   354128.996
    1224.973     4420.100   322711.785   354128.996
    1225.976     5608.700   322711.785   354128.996
    1226.979     5583.100   322711.785   354128.996
    1227.981     5607.100   322711.785   354128.996
    1228.984     3637.200   322711.785   354128.996
    1229.986      529.100   323954.695   355379.695
    1230.988       16.000   323954.695   355379.695
    1231.989       41.900   322910.812   355712.820
    1232.991       70.900   323960.367   355712.820
    1233.992     1172.000   324287.734   355712.820
    1234.994       33.000   324287.734   355712.820
    1235.995        4.000   324287.734   355712.820
    1236.997       60.900   323226.062   355712.820
    1237.999       67.900   324281.805   355712.820
    1239.000     1082.200   324066.180   355490.695
    1240.002       19.000   324066.180   355490.695
    1241.003       47.900   322755.461   355157.570
    1242.005      272.500   323733.086   355157.570
    1243.007     5381.300   322706.238   354128.996
    1244.009     5568.000   322711.785   354128.996
    1245.010     1260.900   323954.547   355379.695
    1246.012       27.000   323954.547   355379.695
    1247.013       18.000   322585.820   355712.820
    1248.015       76.900   323593.352   355712.820
    1249.016      828.700   323037.141   354462.121
    1250.018      529.200   324288.180   355712.820
    1251.019       17.000   324288.180   355712.820
    1252.021       42.900   322934.406   355712.820
    1253.022       76.900   324010.773   355712.820
    1254.024     1207.900   324065.996   355490.695
    1255.026       27.000   324065.996   355490.695
    1256.027       44.900   322743.934   355157.570
    1257.029      501.200   323732.902   355157.570
    1258.030     5380.900   322704.387   354128.996
    1259.032     5611.300   322704.387   354128.996
    1260.034     4081.900   322711.785   354128.996
    1261.037     5607.200   322711.785   354128.996
    1262.039     5606.600   322711.785   354128.996
    1263.042     5585.900   322711.785   354128.996
    1264.045     2986.500   322873.680   355379.695
    1265.047      470.100   323955.203   355379.695
    1266.049       10.000   323955.203   355379.695
    1267.050       56.900   323130.719   355712.820
    1268.051       76.900   324196.516   355712.820
    1269.053     1165.100   324288.520   355712.820
    1270.055       30.000   324288.520   355712.820
    1271.056       10.000   322473.004   355712.820
    1272.058       75.900   323529.520   355712.820
    1273.059      681.800   323038.023   354462.121
    1274.061      459.300   324066.473   355490.695
    1275.063        9.000   323962.523   355490.695
    1276.064       77.900   323209.504   355157.570
    1277.066     2618.500   322705.867   354128.996
    1278.067     5590.500   322706.062   354128.996
    1279.069     3804.400   323162.305   355379.695
    1280.071      375.300   323954.820   355379.695
    1281.073        9.000   323954.820   355379.695
    1282.074       49.900   323082.125   355712.820
    1283.076       69.900   324103.062   355712.820
    1284.077     1300.900   324287.016   355712.820
    1285.079       31.900   324287.016   355712.820
    1286.081       11.000   322460.672   355712.820
    1287.082       67.900   323537.297   355712.820
    1288.084      796.600   323036.398   354462.121
    1289.086      452.200   324066.539   355490.695
    1290.087        8.000   324066.539   355490.695
    1291.089       66.900   323138.930   355157.570
    1292.090     2199.400   322705.539   354128.996
    1293.092     5611.500   322705.539   354128.996
    1294.094     5589.900   322705.539   354128.996
    1295.096     3747.700   322705.727   354128.996
    1296.097     5282.200   322711.484   354128.996
    1297.100     5607.100   322711.785   354128.996
    1298.103     5585.300   322711.785   354128.996
    1299.105     5605.400   322711.785   354128.996
    1300.108     5606.900   322711.785   354128.996
    1301.111     5585.100   322711.785   354128.996
    1302.113     3934.200   322711.785   354128.996
    1303.115     1910.000   323955.176   355379.695
    1304.117       31.000   323955.176   355379.695
    1305.118        3.000   322780.895   355379.695
    1306.120       72.900   323449.863   355712.820
    1307.121      683.800   323037.621   354462.121
    1308.123      531.100   324287.758   355712.820
    1309.125       19.000   324287.758   355712.820
    1310.126       32.000   322797.344   355712.820
    1311.128       84.900   323867.266   355712.820
    1312.129     1189.200   324288.961   355712.820
    1313.131       33.900   324288.961   355712.820
    1314.132        7.000   324288.961   355712.820
    1315.134       66.900   323141.180   355712.820
    1316.135       86.900   324201.820   355712.820
    1317.137     1097.200   323992.535   355416.656
    1318.138       17.000   323992.535   355416.656
    1319.140       60.900   322776.176   354972.492
    1320.141     1232.300   322594.000   354017.957
    1321.143     5590.900   322595.504   354017.957
    1322.144     5613.800   322595.504   354017.957
    1323.146     4929.300   322600.668   354017.957
    1324.148      534.100   323843.590   355268.656
    1325.149       16.000   323843.590   355268.656
    1326.151       42.900   322858.488   355712.820
    1327.153       95.900   323788.676   355712.820
    1328.154      754.800   323037.113   354462.121
    1329.156      521.100   324288.301   355712.820
    1330.158       11.000   324288.301   355712.820
    1331.159       51.900   322973.715   355712.820
    1332.161       94.900   323880.699   355712.820
    1333.162      949.300   323694.207   355712.820
    1334.164      309.500   324288.980   355712.820
    1335.166        9.000   324288.980   355712.820
    1336.167       59.900   323071.332   355712.820
    1337.169       96.900   323970.066   355712.820
    1338.170     1100.600   323992.555   355416.656
    1339.171       26.000   323992.555   355416.656
    1340.173       37.900   322506.266   354972.492
    1341.174       89.900   323479.250   354972.492
    1342.176     4921.800   322594.523   354017.957
    1343.178     5590.300   322594.523   354017.957
    1344.179     5589.100   322594.523   354017.957
    1345.181     5228.100   322594.523   354017.957
    1346.183     3513.000   322600.668   354017.957
    1347.185     5607.200   322600.668   354017.957
    1348.188     5608.200   322600.668   354017.957
    1349.190     5585.900   322600.668   354017.957
    1350.193     5608.600   322600.668   354017.957
    1351.195     5609.200   322600.668   354017.957
    1352.198     5468.900   322600.668   354017.957
    1353.199     3531.000   322600.668   354017.957
    1354.201      531.100   323845.082   355268.656
    1355.203       17.000   323845.082   355268.656
    1356.204       39.000   322821.309   355712.820
    1357.205       75.900   323861.324   355712.820
    1358.207     1067.200   324288.441   355712.820
    1359.209       33.900   324288.441   355712.820
    1360.210        5.000   324288.441   355712.820
    1361.211       74.900   323203.309   355712.820
    1362.213       88.900   324260.855   355712.820
    1363.214     1161.300   324287.992   355712.820
    1364.216       27.000   324287.992   355712.820
    1365.217       12.000   322500.062   355712.820
    1366.219       68.900   323570.500   355712.820
    1367.220      708.800   323037.453   354462.121
    1368.222      423.300   323991.715   355416.656
    1369.224       13.000   322179.551   354972.492
    1370.225       67.900   323255.918   354972.492
    1371.227     3837.500   322592.988   354017.957
    1372.229     5612.800   322593.984   354017.957
    1373.230     5502.200   322600.668   354017.957
    1374.232     1422.700   323843.801   355268.656
    1375.234       24.000   323843.801   355268.656
    1376.235       19.000   322621.770   355712.820
    1377.237       67.900   323703.293   355712.820
    1378.238      818.800   323037.367   354462.121
    1379.240      521.200   324288.281   355712.820
    1380.241       12.000   324288.281   355712.820
    1381.243       44.900   323017.008   355712.820
    1382.244       68.900   324075.586   355712.820
    1383.246     1300.100   324288.785   355712.820
    1384.247       31.000   324288.785   355712.820
    1385.249        1.000   324288.785   355712.820
    1386.250       71.900   323425.113   355712.820
    1387.252      796.600   323038.340   354462.121
    1388.254      432.300   323991.648   355416.656
    1389.255       14.000   322119.672   354972.492
    1390.257       69.900   323190.109   354972.492
    1391.258     3502.900   322593.352   354017.957
    1392.260     5611.800   322593.352   354017.957
    1393.262     5590.100   322593.352   354017.957
    1394.264     5546.700   322593.352   354017.957
    1395.265     2774.500   322595.066   354017.957
    1396.267     5484.600   322600.668   354017.957
    1397.269     5609.200   322600.668   354017.957
    1398.272     5606.500   322600.668   354017.957
    1399.275     5585.900   322600.668   354017.957
    1400.277     5609.400   322600.668   354017.957
    1401.280     5608.500   322600.668   354017.957
    1402.282     4110.700   322600.668   354017.957
    1403.284     1885.900   323844.832   355268.656
    1404.285       30.000   323844.832   355268.656
    1405.287       10.000   322483.324   355712.820
    1406.288       77.900   323540.871   355712.820
    1407.290      691.800   323038.469   354462.121
    1408.291      528.100   324288.602   355712.820
    1409.293       18.000   324288.602   355712.820
    1410.294       42.900   322936.375   355712.820
    1411.296       75.900   324002.945   355712.820
    1412.298     1181.000   324287.738   355712.820
    1413.299       32.900   324287.738   355712.820
    1414.301       17.000   322519.145   355712.820
    1415.303       75.900   323571.535   355712.820
    1416.304      685.000   323037.250   354462.121
    1417.305      429.400   323992.219   355416.656
    1418.307       27.000   322373.156   354972.492
    1419.308       69.900   323423.484   354972.492
    1420.310     4719.700   322600.668   354017.957
    1421.312      786.700   323768.875   355194.613
    1422.313       20.000   323768.875   355194.613
    1423.315       39.900   322816.773   355527.734
    1424.316       76.900   323858.852   355527.734
    1425.317     4098.500   322926.086   354351.078
    1426.319     5301.100   322926.086   354351.078
    1427.321     4798.100   322931.848   354351.078
    1428.324     5606.200   322932.730   354351.078
    1429.326     5582.900   322933.059   354351.078
    1430.329     5605.700   322933.562   354351.078
    1431.332     5326.600   322933.762   354351.078
    1432.334     2358.100   324172.660   355598.023
    1433.335       19.000   324172.660   355598.023
    1434.337       18.000   324172.660   355598.023
    1435.339        3.000   324172.660   355598.023
    1436.340       41.900   322861.168   355703.438
    1437.342       45.900   323433.770   355703.438
    1438.343       45.900   323995.801   355703.438
    1439.345     1011.300   323837.164   355262.566
    1440.347       19.000   323837.164   355262.566
    1441.348        7.000   323837.164   355262.566
    1442.350       48.900   322494.992   354601.383
    1443.351       45.900   323052.641   354601.383
    1444.353     4210.900   322371.625   353795.309
    1445.354     3757.700   323618.773   355042.254
    1446.356       19.000   323618.773   355042.254
    1447.357       19.000   323618.773   355042.254
    1448.359        4.000   323618.773   355042.254
    1449.361       36.900   322831.414   355703.438
    1450.362       43.900   323390.094   355703.438
    1451.364       43.900   323949.289   355703.438
    1452.365      966.100   323494.430   355262.566
    1453.368      217.600   323838.094   355262.566
    1454.369        7.000   323838.094   355262.566
    1455.371       51.900   322417.031   354601.383
    1456.372       46.900   322975.711   354601.383
    1457.374     3423.800   322372.070   353795.309
    1458.376     5611.000   322372.070   353795.309
    1459.378     5590.100   322372.070   353795.309
    1460.380     3651.200   322372.750   353795.309
    1461.382     5585.600   322372.750   353795.309
    1462.385     5605.900   322372.750   353795.309
    1463.388     5607.000   322373.855   353795.309
    1464.390     5586.700   322374.051   353795.309
    1465.393     4501.600   322376.324   353795.309
    1466.394      978.500   323621.371   355046.008
    1467.396       23.000   323621.371   355046.008
    1468.397       31.000   322766.207   355712.820
    1469.399       75.900   323808.285   355712.820
    1470.400     1023.400   323846.664   355270.574
    1471.402       23.000   323846.664   355270.574
    1472.403       46.900   322542.133   354607.328
    1473.405     1868.000   322375.062   353798.875
    1474.406     5562.800   322379.602   353798.875
    1475.408      540.100   323625.547   355049.574
    1476.410       20.000   323625.547   355049.574
    1477.412       34.900   322826.844   355712.820
    1478.413       75.900   323903.984   355712.820
    1479.414     1174.200   323846.785   355270.574
    1480.416       20.000   323846.785   355270.574
    1481.418       57.900   322683.793   354607.328
    1482.419     2856.000   322376.320   353798.875
    1483.420     5617.100   322376.320   353798.875
    1484.422     5589.900   322376.320   353798.875
    1485.424     3463.700   322376.668   353798.875
    1486.426     5587.000   322377.871   353798.875
    1487.429     5607.300   322377.871   353798.875
    1488.431     5608.300   322377.871   353798.875
    1489.433     5586.000   322377.871   353798.875
    1490.436     5132.600   322377.871   353798.875
    1491.438     1899.800   323625.273   355049.574
    1492.439       31.900   323625.273   355049.574
    1493.441        5.000   322423.609   355712.820
    1494.442       76.900   323486.828   355712.820
    1495.444      700.800   323038.184   354462.121
    1496.446      379.400   323845.906   355270.574
    1497.447       30.000   322307.281   354607.328
    1498.449       58.900   323078.914   354607.328
    1499.451     4387.500   322375.418   353798.875
    1500.452     3463.400   323624.461   355049.574
    1501.454       18.000   323624.461   355049.574
    1502.455       19.000   323624.461   355049.574
    1503.457        2.000   323624.461   355049.574
    1504.458       42.900   322901.812   355712.820
    1505.460       48.900   323464.102   355712.820
    1506.461       57.900   324022.008   355712.820
    1507.463     1174.200   323845.875   355270.574
    1508.464       17.000   323845.875   355270.574
    1509.466        6.000   323845.875   355270.574
    1510.467       55.900   322476.117   354607.328
    1511.469       58.900   323035.828   354607.328
    1512.470     3963.900   322375.137   353798.875
    1513.472     5611.400   322375.137   353798.875
    1514.474     5589.700   322375.137   353798.875
    1515.476     5612.700   322375.598   353798.875
    1516.478     5589.400   322375.824   353798.875
    1517.479     4609.300   322375.824   353798.875
    1518.481     2128.700   322375.824   353798.875
    1519.482     5254.100   322376.859   353798.875
    1520.485     5606.400   322377.059   353798.875
    1521.488     5608.400   322377.453   353798.875
    1522.491     5583.900   322377.832   353798.875
    1523.493     5608.000   322377.832   353798.875
    1524.496     5607.700   322378.203   353798.875
    1525.499     5583.400   322378.570   353798.875
    1526.501     5607.800   322378.754   353798.875
    1527.504     5606.900   322378.754   353798.875
    1528.507     5584.900   322379.273   353798.875
    1529.509     5607.800   322379.273   353798.875
    1530.512     5606.200   322379.273   353798.875
    1531.514     5586.700   322379.273   353798.875
    1532.517     5610.000   322379.273   353798.875
    1533.519     5605.200   322379.273   353798.875
    1534.522     5585.400   322379.273   353798.875
    1535.525     5607.200   322379.273   353798.875
    1536.527     5606.500   322379.434   353798.875
    1537.530     5587.000   322379.918   353798.875
    1538.532     5608.000   322379.918   353798.875
    1539.535     5585.300   322379.918   353798.875
    1540.538     5606.800   322381.371   353798.875
    1541.540     5609.600   322381.504   353798.875
    1542.542     5587.300   322381.527   353798.875
    1543.544     5612.200   322381.527   353798.875
    1544.546     5586.600   322381.527   353798.875
    1545.549     5608.800   322381.527   353798.875
    1546.551     5606.600   322381.527   353798.875
    1547.554     5586.600   322381.527   353798.875
    1548.556     5608.700   322381.527   353798.875
    1549.558     5584.600   322381.527   353798.875
    1550.561     5606.900   322381.527   353798.875
    1551.564     5605.700   322381.527   353798.875
    1552.567     5588.500   322381.527   353798.875
    1553.569     5605.700   322381.527   353798.875
    1554.572     5608.100   322381.527   353798.875
    1555.574     4038.600   322381.527   353798.875
    1556.576     2794.700   322381.527   353798.875
    1557.577     2806.500   322381.527   353798.875
    1558.579     3429.600   322381.527   353798.875
    1559.580     2495.800   322772.527   355049.574
    1560.582      394.300   323625.113   355049.574
    1561.584       10.000   323625.113   355049.574
    1562.586       64.900   323251.027   355712.820
    1563.587      216.600   324288.465   355712.820
    1564.589     1068.900   324288.027   355712.820
    1565.591       27.000   324288.027   355712.820
    1566.592       37.900   322846.855   355712.820
    1567.594       74.900   323906.207   355712.820
    1568.595     1204.900   324288.707   355712.820
    1569.597       30.900   324288.707   355712.820
    1570.599        6.000   324288.707   355712.820
    1571.600       65.900   323317.270   355712.820
    1572.602      249.500   324288.707   355712.820
    1573.604     1057.000   324288.355   355712.820
    1574.606       26.000   324288.355   355712.820
    1575.607       24.000   322626.754   355712.820
    1576.609       76.900   323695.902   355712.820
    1577.610      784.800   323037.875   354462.121
    1578.612      516.100   324288.262   355712.820
    1579.613       12.000   324288.262   355712.820
    1580.615       42.900   323002.293   355712.820
    1581.616       68.900   324068.863   355712.820
    1582.618     1237.100   324288.168   355712.820
    1583.619       31.000   324288.168   355712.820
    1584.620        1.000   324288.168   355712.820
    1585.622       68.900   323395.621   355712.820
    1586.623      770.900   323417.082   355712.820
    1587.625      228.600   321729.027   353478.086
    1588.626      492.200   321672.113   353096.613
    1589.628       99.900   321672.113   353096.613
    1590.629     4898.200   321677.215   353096.613
    1591.632     5607.900   321679.215   353096.613
    1592.634     5586.800   321679.246   353096.613
    1593.637     5608.300   321679.246   353096.613
    1594.639     5607.300   321679.246   353096.613
    1595.642     5585.600   321679.246   353096.613
    1596.644     4875.300   321679.246   353096.613
    1597.646     1242.900   321929.637   353606.090
    1598.648      131.800   316643.855   347776.105
    1599.649       99.900   279564.227   311806.312
    1600.650       99.900   246884.617   279126.703
    1601.652       99.900   207572.250   243910.234
    1602.653       99.900   170472.398   206843.711
    1603.655       99.900   141357.527   164693.715
    1604.656       99.900   110555.441   135634.238
    1605.658       99.800    70855.598    95992.434
    1606.659       99.800    32998.535    57743.402
