# Elapsed time   CPU (%)     Real (MB)   Virtual (MB)
       0.001        0.000     7032.859    42081.176
       1.003       87.900     8087.297    42081.176
       2.004       87.900     9126.281    42081.176
       3.005       87.900    10136.133    42081.176
       4.007       88.900    11183.367    42081.176
       5.008       87.900    12231.633    42081.176
       6.009       80.900    13205.648    42081.176
       7.011       87.900    14264.227    42081.176
       8.012       87.900    15306.047    42081.176
       9.014       84.900    16349.930    42081.176
      10.015       68.900    17381.180    42081.176
      11.017       73.900    18392.320    42081.176
      12.018       67.900    19429.758    42081.176
      13.020       87.900    20476.219    42081.176
      14.021      841.800    23264.379    47631.875
      15.022     5396.400    37802.207    62428.227
      16.024     1527.700    42175.516    67136.371
      17.025     5431.700    62836.160    88465.863
      18.027      377.400    62986.094    88623.191
      19.028     3863.400    63023.734    88687.191
      20.030     4093.600    63023.734    88687.191
      21.032     4108.700    63024.355    88687.191
      22.034     4091.800    63031.688    88687.191
      23.035     4108.800    63031.688    88687.191
      24.037     4087.200    63031.688    88687.191
      25.039     3961.500    63031.688    88687.191
      26.040     3758.900    63031.688    88687.191
      27.042     3662.100    63031.688    88687.191
      28.044     3264.800    63031.688    88687.191
      29.045     2982.300    63031.688    88687.191
      30.047     2522.100    63031.688    88687.191
      31.048     1962.000    63031.688    88687.191
      32.050     2484.300    63032.801    88623.191
      33.051     3889.100    63032.801    88623.191
      34.053     3054.500    64099.188    89259.129
      35.054     5544.500    74520.648    99946.938
      36.056     1378.900    77466.488   102687.055
      37.057       27.000    77466.488   102687.055
      38.059       45.900    58146.480   102687.055
      39.061       88.900    57746.250    83232.895
      40.062      722.900    58023.738    83232.895
      41.063       15.000    58023.738    83232.895
      42.065       76.900    57592.965    83232.895
      43.067      740.800    58027.105    83232.895
      44.068       20.000    58027.105    83232.895
      45.070       59.900    57390.598    83232.895
      46.071      808.700    58031.609    83232.895
      47.073       28.000    58031.609    83232.895
      48.074       40.900    57169.258    83232.895
      49.076      450.300    57173.520    82373.039
      50.077      417.400    58033.836    83232.895
      51.079       23.000    56976.836    83232.895
      52.080       90.900    58033.930    83232.895
      53.082      782.700    58033.039    83232.895
      54.083       13.000    56765.406    83232.895
      55.085       66.900    57820.117    83232.895
      56.086      806.900    58035.238    83232.895
      57.088       14.000    58035.238    83232.895
      58.089       61.900    57572.238    83232.895
      59.091      837.700    58037.906    83232.895
      60.092       20.000    58037.906    83232.895
      61.094       44.900    57350.094    83232.895
      62.096      710.800    57847.633    83232.895
      63.097      168.700    58037.125    83232.895
      64.099       31.000    57130.172    83232.895
      65.100      495.300    57264.992    83232.895
      66.101      422.400    58039.109    83232.895
      67.103       18.000    56881.305    83232.895
      68.104       75.900    57926.734    83232.895
      69.106      885.500    58041.484    83232.895
      70.108       11.000    58041.484    83232.895
      71.109       73.900    57700.945    83232.895
      72.111      920.700    58039.863    83232.895
      73.112       20.000    58039.863    83232.895
      74.113       53.900    57412.379    83232.895
      75.115      702.700    57234.395    83232.895
      76.117      408.200    58042.121    83232.895
      77.119       30.000    57076.387    83232.895
      78.120      471.300    58043.305    83232.895
      79.122      509.200    58043.051    83232.895
      80.123       13.000    56756.340    83232.895
      81.125       74.900    57816.961    83232.895
      82.126      968.500    57826.945    83014.148
      83.128       19.000    56556.219    82686.090
      84.129      453.300    57424.145    82686.090
      85.131     3873.400    56873.941    82044.980
      86.132     4396.100    60102.883    84200.484
      87.133     4084.700    62238.109    86463.801
      88.135     4387.300    65507.477    91335.809
      89.136     4326.400    68001.469    93956.125
      90.138     4283.200    70692.926    96707.504
      91.139     4281.100    73833.469    99596.508
      92.141     4409.000    74155.715    99596.508
      93.143     4975.600    78181.594   104295.281
      94.144     4587.600    85962.215   111835.059
      95.152      737.600    86827.406   112694.914
      96.154       10.000    85872.621   113022.973
      97.155       89.900    86919.598   113022.973
      98.157      802.700    87155.660   113022.973
      99.159       15.000    87155.660   113022.973
     100.160       69.900    86657.824   113022.973
     101.162      821.700    87155.777   113022.973
     102.164       22.000    87155.777   113022.973
     103.165       51.900    86418.176   113022.973
     104.167      424.300    86295.949   112163.117
     105.168      436.300    87154.719   113022.973
     106.170       29.000    86153.375   113022.973
     107.171      298.500    87154.719   113022.973
     108.173      585.000    87154.840   113022.973
     109.175       11.000    85874.801   113022.973
     110.176       89.900    86906.566   113022.973
     111.178      814.700    87155.445   113022.973
     112.179       17.000    87155.445   113022.973
     113.181       68.900    86634.180   113022.973
     114.182      826.700    87155.309   113022.973
     115.184       25.000    87155.309   113022.973
     116.186       44.900    86344.777   113022.973
     117.187      459.300    86295.629   112163.117
     118.189      444.400    87155.430   113022.973
     119.190       27.000    86117.766   113022.973
     120.191      102.800    87155.430   113022.973
     121.193      818.800    87156.066   113022.973
     122.194       11.000    85877.348   113022.973
     123.196       89.900    86938.504   113022.973
     124.197      895.600    87154.898   113022.973
     125.199       14.000    87154.898   113022.973
     126.201       72.900    86690.867   113022.973
     127.202      957.600    87155.246   113022.973
     128.204       23.000    87155.246   113022.973
     129.206       48.900    86396.793   113022.973
     130.208      547.100    86295.598   112163.117
     131.209      444.200    87155.832   113022.973
     132.211       20.000    86021.746   113022.973
     133.212       87.900    87078.777   113022.973
     134.214      915.500    87155.152   113022.973
     135.216       13.000    87155.152   113022.973
     136.217       76.900    86740.105   113022.973
     137.218      940.500    87156.238   113022.973
     138.220       24.000    87156.238   113022.973
     139.222       47.900    86390.309   113022.973
     140.223      637.000    86296.477   112163.117
     141.225      356.500    86936.164   112804.227
     142.226       56.900    86250.156   112476.168
     143.228     3297.900    85975.641   111835.059
     144.229     5590.600    85975.641   111835.059
     145.231     5591.600    85975.641   111835.059
     146.232     5613.500    85975.641   111835.059
     147.234     5590.400    85975.641   111835.059
     148.235     5358.800    85975.641   111835.059
     149.237     4991.500    85975.641   111835.059
     150.238     5472.500    85975.879   111835.059
     151.240     5110.900    85997.395   111899.059
     152.242     5585.500    85997.395   111899.059
     153.244     5592.600    85997.395   111899.059
     154.246     5565.200    87416.148   113202.312
     155.247     5535.300    93842.184   120764.707
     156.249     5559.900   100245.055   126271.844
     157.250     5541.300   106594.910   132647.480
     158.252     5560.100   113076.145   140028.492
     159.254     5523.600   119394.832   145585.125
     160.255     5008.000   125154.945   151711.633
     161.257     4056.800   125244.285   151711.633
     162.258     5524.600   134650.516   162099.145
     163.260     5508.500   144026.344   169918.902
     164.261     5524.600   153331.887   183177.414
     165.263     5492.800   162707.195   188046.168
     166.265     4789.600   170946.469   198526.301
     167.266     1414.300   171905.543   199777.000
     168.268      376.300   172597.645   199777.000
     169.270        9.000   172597.645   199777.000
     170.272       60.900   172348.223   200691.215
     171.273       86.900   173398.035   200691.215
     172.274     1043.400   173511.961   200691.215
     173.276       32.900   173511.961   200691.215
     174.278        2.000   172375.477   200691.215
     175.279       86.900   172625.484   200691.215
     176.281      516.200   172261.484   199440.516
     177.282      594.000   173511.699   200691.215
     178.284       26.000   173511.699   200691.215
     179.285       18.000   171824.973   200691.215
     180.287       72.900   172851.066   200691.215
     181.288      508.300   172261.133   199440.516
     182.290      592.000   173511.777   200691.215
     183.292       16.000   173511.777   200691.215
     184.293       38.900   172105.293   200691.215
     185.295       72.900   173042.699   200691.215
     186.296      505.200   172266.242   200691.215
     187.298      562.000   173512.250   200691.215
     188.300       11.000   173512.250   200691.215
     189.301       45.900   172214.562   200691.215
     190.303       74.900   173234.727   200691.215
     191.305     1038.200   173512.035   200691.215
     192.306       33.900   173512.035   200691.215
     193.308        3.000   173512.035   200691.215
     194.309       68.900   172514.441   200691.215
     195.311       71.900   173488.457   200691.215
     196.312     1061.200   173511.418   200691.215
     197.314       26.000   173511.418   200691.215
     198.316       11.000   171738.582   200691.215
     199.317       68.900   172763.645   200691.215
     200.319      573.200   172260.758   199440.516
     201.320      574.100   173511.727   200691.215
     202.322       18.000   173511.727   200691.215
     203.324       29.000   171979.688   200691.215
     204.325       70.900   172986.445   200691.215
     205.327      659.000   172261.180   199440.516
     206.328      558.100   173511.738   200691.215
     207.330       12.000   173511.738   200691.215
     208.332       43.900   172211.730   200691.215
     209.333       68.900   173251.230   200691.215
     210.334     1209.400   173512.461   200691.215
     211.336       32.000   173512.461   200691.215
     212.337        4.000   173512.461   200691.215
     213.339       72.900   172455.312   200691.215
     214.340       83.900   173499.969   200691.215
     215.342     1241.300   173511.426   200691.215
     216.343       29.000   173511.426   200691.215
     217.344        5.000   171647.840   200691.215
     218.346       95.900   172712.348   200691.215
     219.347      633.000   172262.262   199440.516
     220.349      578.000   173513.641   200691.215
     221.351       21.000   173513.641   200691.215
     222.352       32.900   171955.562   200691.215
     223.354       95.900   173016.719   200691.215
     224.355      607.900   172280.812   200691.215
     225.357      557.900   173515.219   200691.215
     226.359       10.000   173515.219   200691.215
     227.361       56.900   172203.867   200691.215
     228.362       94.900   173271.727   200691.215
     229.364     1104.300   173516.027   200691.215
     230.365       34.900   173516.027   200691.215
     231.367        3.000   173516.027   200691.215
     232.369       79.900   172443.410   200691.215
     233.370       95.900   173499.152   200691.215
     234.372     1126.300   173518.434   200691.215
     235.373       30.000   173518.434   200691.215
     236.375        0.000   173518.434   200691.215
     237.376       93.900   172639.691   200691.215
     238.378      607.000   172269.535   199440.516
     239.379      591.000   173520.336   200691.215
     240.381       24.000   173520.336   200691.215
     241.383       24.000   171853.977   200691.215
     242.384       93.800   172863.312   200691.215
     243.386      612.900   172271.340   199440.516
     244.388      576.000   173521.664   200691.215
     245.389       19.000   173521.664   200691.215
     246.391       41.900   172064.648   200691.215
     247.393       94.900   173092.805   200691.215
     248.394      794.500   172821.641   200691.215
     249.396      377.200   173523.664   200691.215
     250.398       10.000   173523.664   200691.215
     251.400       63.900   172298.680   200691.215
     252.401       91.900   173281.719   200691.215
     253.403     1425.700   173524.383   200691.215
     254.405       32.900   173524.383   200691.215
     255.406        8.000   173524.383   200691.215
     256.408       67.900   172337.039   200691.215
     257.409       94.900   173401.289   200691.215
     258.411     1889.900   173525.820   200691.215
     259.412       33.900   173525.820   200691.215
     260.414        5.000   173525.820   200691.215
     261.416       79.900   172461.195   200691.215
     262.417       92.900   173499.148   200691.215
     263.419     2237.700   173528.363   200691.215
     264.420       32.900   173528.363   200691.215
     265.422        5.000   173528.363   200691.215
     266.423       79.900   172459.871   200691.215
     267.425       93.800   173516.129   200691.215
     268.427     1386.700   174871.184   200691.215
     269.428       29.900   174871.184   200691.215
     270.430       19.000   173122.762   200691.215
     271.431       86.900   174162.004   200691.215
     272.433      738.900   175498.418   202474.082
     273.434      582.100   176748.543   203724.781
     274.436       21.000   176748.543   203724.781
     275.438       29.000   175124.594   203724.781
     276.439       85.900   176158.164   203724.781
     277.440      737.800   177374.902   205659.336
     278.442      566.000   178625.797   206910.035
     279.444       17.000   178625.797   206910.035
     280.445       43.900   177191.164   206910.035
     281.447       86.900   178253.609   206910.035
     282.448      976.200   179876.492   206910.035
     283.450      341.400   180502.461   206910.035
     284.452       11.000   180502.461   206910.035
     285.453       61.900   179221.879   206910.035
     286.455       92.900   180252.355   206910.035
     287.456     1269.000   182378.344   210254.664
     288.458       32.900   182378.344   210254.664
     289.460        6.000   182378.344   210254.664
     290.461       75.900   181271.766   210254.664
     291.463       92.900   182267.180   210254.664
     292.464     1259.000   184256.527   210254.664
     293.466       31.000   184256.527   210254.664
     294.467        2.000   184256.527   210254.664
     295.469       82.900   183252.680   210254.664
     296.470       82.900   184230.820   210254.664
     297.472     1257.100   186132.938   213766.543
     298.473       29.000   186132.938   213766.543
     299.475        1.000   185856.367   213766.543
     300.476       90.900   185243.523   213766.543
     301.478      662.000   187972.773   213766.543
     302.479      663.000   188010.430   213766.543
     303.481       25.000   188010.430   213766.543
     304.483       21.000   186288.770   213766.543
     305.484       86.900   187317.184   213766.543
     306.485      738.800   188635.703   216203.410
     307.487      574.100   189886.434   217454.109
     308.489       19.000   189886.434   217454.109
     309.490       37.900   188386.648   217454.109
     310.492       87.900   189419.961   217454.109
     311.493      742.800   190513.410   216203.410
     312.495      559.000   191763.387   217454.109
     313.497       14.000   191763.387   217454.109
     314.498       49.900   190404.824   217454.109
     315.500       84.900   191440.715   217454.109
     316.501     1251.300   193641.363   221326.176
     317.502       58.900   193641.363   221326.176
     318.504        5.000   193641.363   221326.176
     319.506       67.900   192469.059   221326.176
     320.507       88.900   193536.402   221326.176
     321.509     1266.000   195518.102   221326.176
     322.511       31.900   195518.102   221326.176
     323.512        0.000   195518.102   221326.176
     324.514       89.900   194574.398   221326.176
     325.515      578.100   197117.195   225391.930
     326.517      756.700   197394.672   225391.930
     327.518       28.000   197394.672   225391.930
     328.520       15.000   195617.582   225391.930
     329.522       94.900   196666.363   225391.930
     330.523      745.800   198021.238   224141.230
     331.525      576.100   199272.270   225391.930
     332.526       18.000   199272.270   225391.930
     333.528       34.900   197702.293   225391.930
     334.530       85.900   198718.074   225391.930
     335.531      748.800   199898.680   228410.422
     336.533      561.200   201149.523   229661.121
     337.534       14.000   201149.523   229661.121
     338.536       44.900   199717.363   229661.121
     339.537       85.900   200703.238   229661.121
     340.539      743.800   201775.168   228410.422
     341.540      564.000   203025.125   229661.121
     342.542       12.000   203025.125   229661.121
     343.544       52.900   201674.645   229661.121
     344.545       83.900   202659.746   229661.121
     345.547     1030.200   204481.137   234143.875
     346.549      276.500   204902.660   234143.875
     347.550        9.000   204902.660   234143.875
     348.552       62.900   203694.078   234143.875
     349.553       88.900   204732.805   234143.875
     350.555     1263.200   206780.676   234143.875
     351.556       32.000   206780.676   234143.875
     352.558        3.000   206780.676   234143.875
     353.560       84.900   205780.297   234143.875
     354.561       91.900   206784.688   234143.875
     355.563     1242.000   208656.285   238850.879
     356.564       28.900   208656.285   238850.879
     357.566        7.000   206781.234   238850.879
     358.567       93.900   207842.391   238850.879
     359.569      746.800   209283.695   237600.180
     360.571      588.000   210534.949   238850.879
     361.572       23.000   210534.949   238850.879
     362.574       27.000   208893.254   238850.879
     363.576       93.900   209954.668   238850.879
     364.577      749.800   211160.953   237600.180
     365.579      573.100   212410.477   238850.879
     366.580       16.000   212410.477   238850.879
     367.582       41.900   210927.285   238850.879
     368.583       83.900   211923.215   238850.879
     369.585      764.800   213037.547   242542.684
     370.587      563.100   214288.430   243793.383
     371.588       13.000   214288.430   243793.383
     372.590       48.900   212912.254   243793.383
     373.591       87.900   213967.996   243793.383
     374.593     1269.100   216164.910   243793.383
     375.594       31.000   216164.910   243793.383
     376.596        7.000   216164.910   243793.383
     377.598       64.900   214973.570   243793.383
     378.599       85.900   215988.836   243793.383
     379.601      890.500   217087.438   242924.156
     380.603     1157.700   215805.062   246300.781
     381.604     4894.800   218406.742   246300.781
     382.606     4900.400   221155.891   251749.910
     383.607     4915.700   224008.453   251749.910
     384.609     5166.500   227046.934   257471.664
     385.610     5434.300   230371.164   257471.664
     386.612     5420.600   233525.613   263479.543
     387.614     5211.700   236551.371   263479.543
     388.618     5312.700   236557.707   263479.543
     389.620     3246.500   237799.820   264730.242
     390.621       31.900   237799.820   264730.242
     391.623        6.000   237799.820   264730.242
     392.625       53.900   238118.742   266161.773
     393.626       68.900   239133.750   266161.773
     394.628     1002.300   239233.754   266161.773
     395.629       28.000   239233.754   266161.773
     396.631       11.000   237466.590   266161.773
     397.633       67.900   238489.332   266161.773
     398.634      487.300   237983.156   264911.074
     399.636      573.100   239233.027   266161.773
     400.637       15.000   239233.027   266161.773
     401.639       37.900   237848.832   266161.773
     402.640       67.900   238858.684   266161.773
     403.642      999.300   239233.449   266161.773
     404.643       33.900   239233.449   266161.773
     405.645        4.000   239233.449   266161.773
     406.647       74.900   238215.090   266161.773
     407.648      223.700   239233.449   266161.773
     408.650      834.700   239233.871   266161.773
     409.651       23.000   239233.871   266161.773
     410.653       19.000   237558.605   266161.773
     411.654       67.900   238567.941   266161.773
     412.656      484.300   237983.391   264911.074
     413.657      556.000   239232.746   266161.773
     414.659       16.000   239232.746   266161.773
     415.661       44.900   237863.246   266161.773
     416.662       84.900   238899.395   266161.773
     417.664     1012.300   239232.910   266161.773
     418.665       33.900   239232.910   266161.773
     419.667        5.000   239232.910   266161.773
     420.668       68.900   238157.832   266161.773
     421.670       83.900   239175.160   266161.773
     422.671      981.400   239233.332   266161.773
     423.673       29.000   239233.332   266161.773
     424.674        9.000   237423.488   266161.773
     425.676       86.900   238477.684   266161.773
     426.678      483.700   237982.852   264911.074
     427.680      571.100   239232.723   266161.773
     428.682       17.000   239232.723   266161.773
     429.683       36.900   237754.941   266161.773
     430.685       84.900   238800.629   266161.773
     431.686      997.400   239233.660   266161.773
     432.688       32.900   239233.660   266161.773
     433.689        8.000   239233.660   266161.773
     434.691       64.900   238102.121   266161.773
     435.692       74.900   239142.652   266161.773
     436.694      978.400   239234.340   266161.773
     437.695       28.000   239234.340   266161.773
     438.697        5.000   237376.543   266161.773
     439.699       65.900   238435.121   266161.773
     440.700      568.000   238057.074   265292.547
     441.702     4451.100   237984.168   264911.074
     442.704     5610.700   237984.168   264911.074
     443.705     5019.100   237984.168   264911.074
     444.707     3431.400   237985.145   264911.074
     445.709     5608.200   237985.145   264911.074
     446.712     5609.300   237985.145   264911.074
     447.714     5587.100   237985.145   264911.074
     448.716     4304.000   237985.695   264911.074
     449.718     4337.700   237988.453   264911.074
     450.720      558.100   239233.492   266161.773
     451.722       17.000   239233.492   266161.773
     452.723       42.900   237822.742   266161.773
     453.724       84.900   238883.125   266161.773
     454.726      994.300   239232.867   266161.773
     455.728       30.900   239232.867   266161.773
     456.729        4.000   239232.867   266161.773
     457.731       69.900   238139.227   266161.773
     458.732       86.900   239197.289   266161.773
     459.734      979.400   239233.289   266161.773
     460.735       28.000   239233.289   266161.773
     461.737        9.000   237411.070   266161.773
     462.738       85.900   238459.078   266161.773
     463.739      487.200   237982.809   264911.074
     464.741      563.200   239233.969   266161.773
     465.742       17.000   239233.969   266161.773
     466.744       31.000   237769.336   266161.773
     467.746       78.900   238823.531   266161.773
     468.747      997.400   239233.875   266161.773
     469.749       31.000   239233.875   266161.773
     470.750        6.000   239233.875   266161.773
     471.752       53.900   238117.031   266161.773
     472.753       67.900   239170.711   266161.773
     473.755     1850.100   239234.352   266161.773
     474.756       31.900   239234.352   266161.773
     475.758        1.000   239234.352   266161.773
     476.759       62.900   238320.664   266161.773
     477.761      493.100   237989.395   264911.074
     478.763      572.000   239239.266   266161.773
     479.764       22.000   239239.266   266161.773
     480.766       26.000   237618.539   266161.773
     481.768       95.900   238691.297   266161.773
     482.769      662.900   237988.785   264911.074
     483.771      553.000   239238.914   266161.773
     484.773       11.000   239238.914   266161.773
     485.774       60.900   237982.992   266161.773
     486.776       96.900   239042.086   266161.773
     487.777     1079.400   239238.820   266161.773
     488.779       33.900   239238.820   266161.773
     489.780        0.000   239238.820   266161.773
     490.782       89.900   238298.719   266161.773
     491.783      600.100   238519.266   266161.773
     492.784      578.600   239239.500   266161.773
     493.785       23.000   239239.500   266161.773
     494.787       23.000   237569.531   266161.773
     495.789       95.900   238613.156   266161.773
     496.790      718.800   237989.020   264911.074
     497.792      563.200   239239.922   266161.773
     498.793       17.000   239239.922   266161.773
     499.795       46.900   237825.188   266161.773
     500.796       92.900   238844.578   266161.773
     501.798     1399.500   237991.395   264911.074
     502.800     5441.600   237992.211   264911.074
     503.801     5552.200   237992.285   264911.074
     504.803     5559.700   237992.559   264911.074
     505.805     5574.600   237992.676   264911.074
     506.806     5543.600   237994.879   264911.074
     507.808     5261.800   237995.523   264911.074
     508.810     5323.000   237996.109   264911.074
     509.812      572.000   239239.602   266161.773
     510.814       23.000   239239.602   266161.773
     511.816       30.900   237660.641   266161.773
     512.817       95.900   238707.102   266161.773
     513.818      561.900   238044.312   266161.773
     514.821      555.900   239240.562   266161.773
     515.823       12.000   239240.562   266161.773
     516.824       60.900   238002.547   266161.773
     517.826       96.900   239061.383   266161.773
     518.827     1047.300   239239.180   266161.773
     519.829       32.900   239239.180   266161.773
     520.830        0.000   239239.180   266161.773
     521.832       92.900   238326.266   266161.773
     522.833      563.100   237988.816   264911.074
     523.835      575.200   239238.688   266161.773
     524.836       22.000   239238.688   266161.773
     525.838       31.000   237653.539   266161.773
     526.839       94.900   238687.625   266161.773
     527.841      565.100   237988.207   264911.074
     528.843      560.100   239239.625   266161.773
     529.844       12.000   239239.625   266161.773
     530.846       58.900   237956.633   266161.773
     531.847       93.900   238990.461   266161.773
     532.849     1066.400   239239.016   266161.773
     533.850       34.000   239239.016   266161.773
     534.852        1.000   239239.016   266161.773
     535.853       87.900   238279.578   266161.773
     536.855      481.200   239201.352   266161.773
     537.856      669.000   239239.438   266161.773
     538.858       25.000   239239.438   266161.773
     539.860       28.000   237629.539   266161.773
     540.861       94.900   238692.242   266161.773
     541.863      677.800   238024.016   266161.773
     542.865      556.000   239240.375   266161.773
     543.866       11.000   239240.375   266161.773
     544.868       64.900   238036.789   266161.773
     545.870       93.900   239091.500   266161.773
     546.871     1086.300   239239.766   266161.773
     547.873       32.000   239239.766   266161.773
     548.874       13.000   237461.773   266161.773
     549.875       92.900   238461.312   266161.773
     550.877      542.200   237989.285   264911.074
     551.879      569.100   239239.672   266161.773
     552.880       17.000   239239.672   266161.773
     553.882       44.900   237807.406   266161.773
     554.883       94.900   238869.336   266161.773
     555.885     1052.400   239239.062   266161.773
     556.886       32.000   239239.062   266161.773
     557.888        6.000   239239.062   266161.773
     558.889       77.900   238185.523   266161.773
     559.891       94.900   239221.414   266161.773
     560.892     3599.600   237993.027   264911.074
     561.894     5582.200   237993.828   264911.074
     562.895     5285.700   237994.109   264911.074
     563.897     2873.700   237994.109   264911.074
     564.898     1895.300   237996.152   264911.074
     565.900     5566.200   237996.152   264911.074
     566.902     5585.400   237996.152   264911.074
     567.905     5608.700   237996.152   264911.074
     568.907     5248.400   237996.152   264911.074
     569.908     4650.600   237996.152   264911.074
     570.910     1930.100   239239.055   266161.773
     571.912       30.900   239239.055   266161.773
     572.913        4.000   237496.445   266161.773
     573.915       93.900   238360.570   266161.773
     574.916      654.900   238216.270   266161.773
     575.918      575.000   239239.566   266161.773
     576.920       22.000   239239.566   266161.773
     577.921       20.000   237593.574   266161.773
     578.923       68.900   238662.465   266161.773
     579.924      513.200   237989.086   264911.074
     580.926      554.100   239239.988   266161.773
     581.928       11.000   239239.988   266161.773
     582.929       56.900   237976.590   266161.773
     583.930       86.900   239019.957   266161.773
     584.932     1027.300   239238.090   266161.773
     585.934       31.900   239238.090   266161.773
     586.935        1.000   239238.090   266161.773
     587.937       82.900   238299.793   266161.773
     588.938      514.300   238670.066   266161.773
     589.940      578.100   239239.285   266161.773
     590.941       24.000   239239.285   266161.773
     591.943       24.000   237577.824   266161.773
     592.944       86.900   238610.879   266161.773
     593.945      489.300   237988.805   264911.074
     594.947      559.200   239238.934   266161.773
     595.948       14.000   239238.934   266161.773
     596.950       36.900   237831.418   266161.773
     597.952       66.900   238887.160   266161.773
     598.953     1003.400   239239.238   266161.773
     599.955       31.000   239239.238   266161.773
     600.956        5.000   239239.238   266161.773
     601.957       56.900   238154.879   266161.773
     602.959       67.900   239159.059   266161.773
     603.961      983.300   239239.918   266161.773
     604.962       28.000   239239.918   266161.773
     605.964        7.000   237375.418   266161.773
     606.965       70.900   238443.535   266161.773
     607.967      490.200   237989.438   264911.074
     608.968      568.100   239240.082   266161.773
     609.970       18.000   239240.082   266161.773
     610.972       29.000   237697.332   266161.773
     611.973       65.900   238755.652   266161.773
     612.975      826.400   238995.840   266161.773
     613.977      203.600   239239.988   266161.773
     614.979        9.000   239239.988   266161.773
     615.980       47.900   238014.605   266161.773
     616.982       67.900   239075.762   266161.773
     617.983      985.300   239239.637   266161.773
     618.985       32.000   239239.637   266161.773
     619.987        4.000   238065.387   266161.773
     620.988       85.900   238299.137   266161.773
     621.989      482.300   238526.828   266161.773
     622.991     3741.700   237996.035   264911.074
     623.992     5612.200   237996.035   264911.074
     624.994     2802.200   239239.598   266161.773
     625.996       31.000   239239.598   266161.773
     626.997        3.000   239239.598   266161.773
     627.999       62.900   238197.262   266161.773
     629.001       80.900   239230.059   266161.773
     630.002      983.500   239239.195   266161.773
     631.004       26.000   239239.195   266161.773
     632.005       16.000   237471.375   266161.773
     633.006       86.900   238521.961   266161.773
     634.008      487.300   237988.715   264911.074
     635.009      478.200   238945.195   265867.609
     636.011       14.000   237103.641   265426.445
     637.013       69.900   238075.852   265426.445
     638.014     3144.700   237547.918   264469.910
     639.016     5552.900   237548.023   264469.910
     640.017     5124.700   237549.000   264469.910
     641.020     5609.200   237549.000   264469.910
     642.022     5587.500   237549.000   264469.910
     643.024     5607.600   237549.000   264469.910
     644.026     3885.400   237551.027   264469.910
     645.028      572.000   238798.391   265720.609
     646.029       19.000   238798.391   265720.609
     647.031       32.000   237722.539   266161.773
     648.033       67.900   238737.031   266161.773
     649.034      541.900   238177.613   266161.773
     650.036      508.100   239239.285   266161.773
     651.038       11.000   239239.285   266161.773
     652.040       46.900   237959.762   266161.773
     653.041       66.900   239015.246   266161.773
     654.043      998.400   239239.707   266161.773
     655.044       30.900   239239.707   266161.773
     656.046        1.000   239239.707   266161.773
     657.048       64.900   238249.707   266161.773
     658.049      423.400   239050.512   266161.773
     659.051      630.000   239239.098   266161.773
     660.052       24.000   239239.098   266161.773
     661.053       20.000   237560.996   266161.773
     662.055       67.900   238620.348   266161.773
     663.057      478.200   237988.617   264911.074
     664.058      556.100   239239.520   266161.773
     665.060       13.000   239239.520   266161.773
     666.061       43.900   237923.387   266161.773
     667.063       68.900   238974.230   266161.773
     668.064      768.900   238651.098   265573.445
     669.066       20.000   236833.004   264691.117
     670.067      323.800   237106.516   264028.746
     671.071     5538.600   237106.516   264028.746
     672.073     5613.400   237106.516   264028.746
     673.074     5528.200   237110.344   264028.746
     674.077     3673.900   238358.844   265279.445
     675.078       32.000   238358.844   265279.445
     676.080        6.000   238358.844   265279.445
     677.082       56.900   238120.625   266161.773
     678.083       67.900   239168.117   266161.773
     679.085      983.400   239238.898   266161.773
     680.086       29.000   239238.898   266161.773
     681.088       11.000   237414.617   266161.773
     682.090       67.900   238440.711   266161.773
     683.091      470.300   237988.418   264911.074
     684.093      574.100   239238.547   266161.773
     685.094       18.000   239238.547   266161.773
     686.096       32.000   237714.359   266161.773
     687.097       68.900   238778.094   266161.773
     688.099      994.300   239239.484   266161.773
     689.101       30.900   239239.484   266161.773
     690.103        8.000   239239.484   266161.773
     691.104       77.900   238337.914   266161.773
     692.105      481.300   237989.004   264911.074
     693.107      576.100   239240.680   266161.773
     694.108       19.000   239240.680   266161.773
     695.110       31.000   237722.938   266161.773
     696.111       68.900   238770.430   266161.773
     697.113      778.800   238651.742   265573.445
     698.114       15.000   238651.742   265573.445
     699.116       64.900   237692.422   264691.117
     700.117     4964.300   237107.289   264028.746
     701.119     5590.400   237107.289   264028.746
     702.120     5593.500   237107.289   264028.746
     703.122     4391.800   237107.895   264028.746
     704.124     5607.100   237107.895   264028.746
     705.127     5586.900   237110.391   264028.746
     706.129     5610.500   237113.094   264028.746
     707.131     4556.700   237113.801   264028.746
     708.133     2437.900   238356.707   265279.445
     709.134       32.000   238356.707   265279.445
     710.136        0.000   238356.707   265279.445
     711.137       71.900   238309.785   266161.773
     712.139      485.200   237988.434   264911.074
     713.140      578.000   239239.691   266161.773
     714.142       23.000   239239.691   266161.773
     715.144       30.000   237645.121   266161.773
     716.145       85.900   238696.223   266161.773
     717.146      574.000   238274.773   266161.773
     718.148      472.100   239240.027   266161.773
     719.150       10.000   239240.027   266161.773
     720.151       59.900   237996.855   266161.773
     721.153       86.900   239065.230   266161.773
     722.154      989.600   239239.062   266161.773
     723.156       32.000   239239.062   266161.773
     724.157        0.000   239201.297   266161.773
     725.159       86.900   238334.398   266161.773
     726.160      483.100   237988.414   264911.074
     727.162      577.000   239240.098   266161.773
     728.164       22.000   239240.098   266161.773
     729.165       29.000   237697.090   266161.773
     730.167       66.900   238761.340   266161.773
     731.168      779.700   238651.527   265573.445
     732.170       16.000   238651.527   265573.445
     733.172       67.900   237762.848   264691.117
     734.173     5327.200   237106.930   264028.746
     735.175     5591.500   237106.930   264028.746
     736.176     5554.300   237113.801   264028.746
     737.178     3862.300   237113.801   264028.746
     738.180      565.000   238357.359   265279.445
     739.182       12.000   238357.359   265279.445
     740.183       55.900   237967.289   266161.773
     741.185       85.900   239000.602   266161.773
     742.186      990.400   239239.508   266161.773
     743.188       31.000   239239.508   266161.773
     744.190        3.000   239239.508   266161.773
     745.191       62.900   238223.469   266161.773
     746.193      227.700   239239.508   266161.773
     747.194      826.700   239238.641   266161.773
     748.196       25.000   239238.641   266161.773
     749.197       17.000   237514.906   266161.773
     750.199       68.900   238575.031   266161.773
     751.201      472.200   237988.156   264911.074
     752.202      560.000   239239.414   266161.773
     753.204       14.000   239239.414   266161.773
     754.206       40.900   237863.984   266161.773
     755.207       67.900   238910.961   266161.773
     756.209      991.500   239240.414   266161.773
     757.210       32.000   239240.414   266161.773
     758.211        4.000   239240.414   266161.773
     759.213       61.900   238163.273   266161.773
     760.215       67.900   239196.586   266161.773
     761.216      763.900   238652.008   265573.445
     762.218       29.000   237066.461   264691.117
     763.219     1626.000   237107.512   264028.746
     764.221     5589.500   237107.512   264028.746
     765.223     5590.100   237107.512   264028.746
     766.225     4956.300   237107.512   264028.746
     767.227     4967.300   237113.801   264028.746
     768.229     5610.000   237113.801   264028.746
     769.231     5607.500   237113.801   264028.746
     770.234     5588.100   237113.801   264028.746
     771.235     4468.300   237113.801   264028.746
     772.237     1210.200   238356.098   265279.445
     773.238       26.000   238356.098   265279.445
     774.240       15.000   237494.746   266161.773
     775.242       69.900   238488.355   266161.773
     776.243      473.200   237987.719   264911.074
     777.245      569.200   239239.480   266161.773
     778.246       19.000   239239.480   266161.773
     779.248       29.000   237684.871   266161.773
     780.249       69.900   238719.988   266161.773
     781.251      652.600   238468.203   266161.773
     782.253      375.200   239238.805   266161.773
     783.255       11.000   239238.805   266161.773
     784.256       47.900   237981.195   266161.773
     785.258       67.900   239011.930   266161.773
     786.260      990.200   239239.098   266161.773
     787.261       31.900   239239.098   266161.773
     788.263        2.000   239239.098   266161.773
     789.265       81.900   238255.543   266161.773
     790.266      418.300   239125.473   266161.773
     791.268      646.900   239239.715   266161.773
     792.269       25.000   239239.715   266161.773
     793.271       21.000   237482.980   266161.773
     794.273       85.900   238509.074   266161.773
     795.274      543.100   237989.023   264911.074
     796.276      338.400   238651.527   265573.445
     797.278       63.900   237436.199   264691.117
     798.279     3581.300   237107.016   264028.746
     799.281     3250.900   238357.195   265279.445
     800.282       34.900   238357.195   265279.445
     801.284        4.000   238357.195   265279.445
     802.285       80.900   238200.445   266161.773
     803.287       92.900   239217.516   266161.773
     804.288      750.800   238467.281   265389.344
     805.290       98.800   237308.930   264230.914
     806.291     5527.800   236830.910   263752.645
     807.293     5118.100   236837.684   263752.645
     808.295     5609.000   236837.684   263752.645
     809.298     4579.100   236837.684   263752.645
     810.300      577.000   238081.117   265003.344
     811.301       21.000   238081.117   265003.344
     812.303       37.900   237757.820   266161.773
     813.304       94.900   238816.656   266161.773
     814.306      935.600   239097.160   266161.773
     815.307      161.700   239239.988   266161.773
     816.309        9.000   239239.988   266161.773
     817.311       68.900   238074.160   266161.773
     818.312       95.900   239113.660   266161.773
     819.314     2781.900   237988.969   264911.074
     820.315     5589.900   237995.676   264911.074
     821.317     1264.800   239240.199   266161.773
     822.319       25.000   239240.199   266161.773
     823.320       20.000   237538.379   266161.773
     824.322       94.900   238567.566   266161.773
     825.323      543.100   237989.676   264911.074
     826.325      571.000   239239.957   266161.773
     827.327       16.000   239239.957   266161.773
     828.328       45.900   237820.441   266161.773
     829.330       94.800   238878.504   266161.773
     830.332     1587.200   237989.641   264911.074
     831.333     5589.100   237989.641   264911.074
     832.335     4567.300   237995.016   264911.074
     833.338     5584.300   237995.824   264911.074
     834.340     5608.700   237996.035   264911.074
     835.342     2462.800   239239.832   266161.773
     836.344       31.900   239239.832   266161.773
     837.345        4.000   239239.832   266161.773
     838.347       60.900   238195.434   266161.773
     839.348       68.900   239211.988   266161.773
     840.349      977.500   239240.086   266161.773
     841.351       26.000   239240.086   266161.773
     842.353       17.000   237486.188   266161.773
     843.354       68.900   238506.609   266161.773
     844.356      568.000   238080.441   265292.547
     845.357     4744.000   237988.848   264911.074
     846.360     3680.600   238109.113   266161.773
     847.362      511.000   239238.590   266161.773
     848.363       10.000   239238.590   266161.773
     849.365       48.900   237980.465   266161.773
     850.366       68.900   239025.895   266161.773
     851.368     1002.500   239239.105   266161.773
     852.369       32.000   239239.105   266161.773
     853.371        5.000   238064.855   266161.773
     854.372       69.900   238364.348   266161.773
     855.374      585.000   238081.426   265292.547
     856.376     4120.000   237989.707   264911.074
     857.377     5468.600   237989.707   264911.074
     858.379     4980.700   237995.840   264911.074
     859.382     5587.400   237996.035   264911.074
     860.384     3891.400   237996.035   264911.074
     861.385      570.100   239239.910   266161.773
     862.387       16.000   239239.910   266161.773
     863.389       47.900   237845.918   266161.773
     864.390       85.900   238901.402   266161.773
     865.392     1005.400   239238.746   266161.773
     866.394       32.900   239238.746   266161.773
     867.395        4.000   239238.746   266161.773
     868.396       61.900   238134.535   266161.773
     869.398       70.900   239130.465   266161.773
     870.400     2857.200   237988.793   264911.074
     871.401     5591.200   237996.035   264911.074
     872.403     1126.300   239238.340   266161.773
     873.404       25.000   239238.340   266161.773
     874.406       14.000   237461.754   266161.773
     875.408       67.900   238523.426   266161.773
     876.409      484.200   237987.797   264911.074
     877.411      568.100   239239.758   266161.773
     878.412       16.000   239239.758   266161.773
     879.414       35.900   237758.367   266161.773
     880.415       68.900   238814.625   266161.773
     881.417     1277.900   237989.172   264911.074
     882.419     5590.300   237989.172   264911.074
     883.420     4995.600   237995.375   264911.074
     884.423     5587.100   237995.527   264911.074
     885.425     5607.100   237995.848   264911.074
     886.428     2553.000   239239.480   266161.773
     887.429       30.000   239239.480   266161.773
     888.431        6.000   239239.480   266161.773
     889.432       66.900   238055.605   266161.773
     890.434       82.900   239105.676   266161.773
     891.435     1019.300   239238.297   266161.773
     892.437       29.000   239238.297   266161.773
     893.439        0.000   239124.766   266161.773
     894.440       72.900   238373.336   266161.773
     895.442      584.100   238080.859   265292.547
     896.443     3876.900   237988.879   264911.074
     897.445     4571.100   237996.035   264911.074
     898.447      562.000   239240.121   266161.773
     899.448       17.000   239240.121   266161.773
     900.450       44.900   237815.707   266161.773
     901.451       87.900   238878.926   266161.773
     902.452     1016.400   239238.871   266161.773
     903.454       33.900   239238.871   266161.773
     904.456        6.000   239238.871   266161.773
     905.457       75.900   238172.559   266161.773
     906.459       87.900   239231.652   266161.773
     907.460     3680.100   237990.055   264911.074
     908.462     5589.400   237990.055   264911.074
     909.463     4723.600   237993.570   264911.074
     910.465     5610.600   237996.012   264911.074
     911.467     5608.400   237996.035   264911.074
     912.470     5588.200   237996.035   264911.074
     913.472     5099.800   237996.035   264911.074
     914.473     2719.300   239239.062   266161.773
     915.475       34.900   239239.062   266161.773
     916.477        6.000   239239.062   266161.773
     917.478       78.900   238232.305   266161.773
     918.480      317.500   239239.062   266161.773
     919.481      760.800   239239.402   266161.773
     920.483       26.000   239239.402   266161.773
     921.484       38.900   237740.223   266161.773
     922.486       87.900   238781.270   266161.773
     923.487      895.400   238944.809   265867.609
     924.489       30.900   238944.809   265867.609
     925.491       28.000   237317.496   265426.445
     926.492       85.900   238349.520   265426.445
     927.493     4581.200   237548.402   264469.910
     928.495     5590.500   237554.918   264469.910
     929.496     1333.800   238798.566   265720.609
     930.498       28.000   238798.566   265720.609
     931.499       12.000   237434.223   266161.773
     932.501       88.900   238496.152   266161.773
     933.502      500.200   237989.102   264911.074
     934.504      567.100   239239.637   266161.773
     935.505       18.000   239239.637   266161.773
     936.507       38.900   237747.676   266161.773
     937.508       87.900   238812.184   266161.773
     938.510      898.400   238945.020   265867.609
     939.512       26.000   238945.020   265867.609
     940.513       28.000   237371.074   265426.445
     941.515       84.900   238377.832   265426.445
     942.516     4642.400   237547.699   264469.910
     943.518     5589.500   237547.699   264469.910
     944.520     5612.000   237547.699   264469.910
     945.521     4085.200   237554.918   264469.910
     946.524     5608.000   237554.918   264469.910
     947.526     5586.100   237554.918   264469.910
     948.529     5609.000   237554.918   264469.910
     949.531     4611.600   237554.918   264469.910
     950.532     2230.500   238798.078   265720.609
     951.534       34.000   238798.078   265720.609
     952.535        0.000   238798.078   265720.609
     953.537       87.900   238343.555   266161.773
     954.538      490.200   237988.586   264911.074
     955.540      569.000   239238.609   266161.773
     956.542       22.000   239238.609   266161.773
     957.543       24.000   237597.633   266161.773
     958.545       67.900   238667.555   266161.773
     959.546      791.700   238933.395   265867.609
     960.548      128.800   238944.996   265867.609
     961.550       18.000   237212.496   265426.445
     962.551       68.900   238270.301   265426.445
     963.553     4085.200   237547.699   264469.910
     964.554     5591.200   237554.465   264469.910
     965.556     1838.900   238797.699   265720.609
     966.558       28.000   238797.699   265720.609
     967.559        8.000   237385.145   266161.773
     968.560       67.900   238444.496   266161.773
     969.562      487.300   237988.133   264911.074
     970.563      571.000   239238.160   266161.773
     971.565       19.000   239238.160   266161.773
     972.567       31.000   237706.496   266161.773
     973.568       69.900   238759.660   266161.773
     974.570      903.400   238944.809   265867.609
     975.572       28.000   238944.809   265867.609
     976.573       23.000   237313.887   265426.445
     977.575       85.900   238371.691   265426.445
     978.576     4696.700   237547.367   264469.910
     979.578     5589.600   237547.367   264469.910
     980.579     5572.500   237547.367   264469.910
     981.581     4038.900   237554.918   264469.910
     982.583     5609.600   237554.918   264469.910
     983.586     5585.000   237554.918   264469.910
     984.588     5608.100   237554.918   264469.910
     985.590     3810.100   237554.918   264469.910
     986.592     1274.100   238797.867   265720.609
     987.593       31.000   238797.867   265720.609
     988.595        4.000   238002.398   265720.609
     989.597       72.900   238406.250   266161.773
     990.598      477.300   237988.414   264911.074
     991.599      580.100   239239.574   266161.773
     992.601       20.000   239239.574   266161.773
     993.603       27.000   237638.559   266161.773
     994.604       68.900   238639.387   266161.773
     995.606      482.300   237989.094   264911.074
     996.607      452.300   238945.574   265867.609
     997.609       15.000   237146.559   265426.445
     998.611       67.900   238204.105   265426.445
     999.612     3767.100   237549.316   264469.910
    1000.614      826.700   238411.738   265334.395
    1001.615        9.000   238373.926   265334.395
    1002.617       71.900   237949.996   265196.344
    1003.619     3737.900   237410.281   264331.859
    1004.620     4056.900   237411.715   264331.859
    1005.623     5587.100   237411.715   264331.859
    1006.625     5608.600   237411.715   264331.859
    1007.627     5074.300   237411.715   264331.859
    1008.629     1297.900   238661.160   265582.559
    1009.630       27.000   238661.160   265582.559
    1010.632       13.000   237444.027   266161.773
    1011.633       85.900   238492.035   266161.773
    1012.635      662.000   238251.211   265292.547
    1013.636      590.100   236506.754   263428.523
    1014.638     5180.700   236507.492   263428.523
    1015.640      574.100   237756.105   264679.223
    1016.641       22.000   237756.105   264679.223
    1017.642       35.000   237734.191   266161.773
    1018.644       85.900   238730.637   266161.773
    1019.645      648.000   238250.918   265292.547
    1020.647     2192.600   236506.699   263428.523
    1021.648     5613.100   236506.699   263428.523
    1022.650     4423.900   236508.082   263428.523
    1023.652     5609.000   236508.082   263428.523
    1024.655     5607.200   236508.309   263428.523
    1025.658     5140.700   236508.309   263428.523
    1026.659     1379.900   237757.152   264679.223
    1027.661       30.000   237757.152   264679.223
    1028.662        8.000   237424.574   266161.773
    1029.663       88.900   238504.293   266161.773
    1030.665      660.100   238251.336   265292.547
    1031.666      968.600   236506.621   263428.523
    1032.668     4661.500   236507.613   263428.523
    1033.669      569.100   237756.387   264679.223
    1034.671       16.000   237756.387   264679.223
    1035.672       39.900   237821.613   266161.773
    1036.674       81.900   238866.012   266161.773
    1037.675      671.000   238250.125   265292.547
    1038.677     2992.300   236506.684   263428.523
    1039.678     5589.900   236506.684   263428.523
    1040.680     4291.300   236507.594   263428.523
    1041.683     5585.300   236508.043   263428.523
    1042.685     5607.300   236508.477   263428.523
    1043.688     4735.100   236508.684   263428.523
    1044.690      577.100   237756.887   264679.223
    1045.691       21.000   237756.887   264679.223
    1046.693       24.000   237681.348   266161.773
    1047.694       67.900   238745.598   266161.773
    1048.696      632.900   238251.074   265292.547
    1049.698     2096.600   236506.867   263428.523
    1050.699     3776.000   236932.266   264679.223
    1051.702      393.200   237756.234   264679.223
    1052.703       11.000   237756.234   264679.223
    1053.705       48.900   238063.805   266161.773
    1054.707       67.900   239110.008   266161.773
    1055.708      629.900   236487.203   263809.996
    1056.710     4019.200   236507.117   263428.523
    1057.712     5612.800   236507.117   263428.523
    1058.713     5591.000   236507.344   263428.523
    1059.715     5250.900   236507.344   263428.523
    1060.716     3231.700   236509.254   263428.523
    1061.719     5586.200   236509.449   263428.523
    1062.721     5607.900   236509.449   263428.523
    1063.724     5608.500   236509.449   263428.523
    1064.726     5586.500   236509.629   263428.523
    1065.728     5609.400   236509.805   263428.523
    1066.730     5588.600   236509.805   263428.523
    1067.733     5608.200   236509.961   263428.523
    1068.735     5609.500   236510.117   263428.523
    1069.737     5586.700   236510.434   263428.523
    1070.740     5608.100   236510.594   263428.523
    1071.742     5586.200   236511.051   263428.523
    1072.745     5608.600   236511.480   263428.523
    1073.747     5608.800   236511.480   263428.523
    1074.750     5584.500   236511.871   263428.523
    1075.752     5610.300   236512.012   263428.523
    1076.754     5585.000   236512.223   263428.523
    1077.757     5607.400   236512.406   263428.523
    1078.759     5609.000   236512.406   263428.523
    1079.761     5586.700   236512.945   263428.523
    1080.764     5608.300   236513.328   263428.523
    1081.766     5589.300   236513.355   263428.523
    1082.768     4025.700   236513.355   263428.523
    1083.770     2795.700   236513.355   263428.523
    1084.772     3186.900   236513.355   263428.523
    1085.773     2350.000   237757.484   264679.223
    1086.775       30.900   237757.484   264679.223
    1087.777        4.000   237757.484   264679.223
    1088.778       63.900   238253.258   266161.773
    1089.779       70.900   239227.016   266161.773
    1090.781     1010.400   239239.059   266161.773
    1091.783       27.000   239239.059   266161.773
    1092.784       27.000   237651.191   266161.773
    1093.786       68.900   238664.652   266161.773
    1094.787      480.200   237988.363   264911.074
    1095.789      565.100   239238.598   266161.773
    1096.790       12.000   239238.598   266161.773
    1097.792       42.900   237868.582   266161.773
    1098.794       67.900   238913.238   266161.773
    1099.795     1008.200   239239.023   266161.773
    1100.797       33.000   239239.023   266161.773
    1101.798        3.000   239239.023   266161.773
    1102.800       68.900   238230.203   266161.773
    1103.802      304.500   239239.023   266161.773
    1104.803      581.100   238749.848   265671.500
    1105.805       31.000   237170.488   264936.227
    1106.806      526.200   237254.145   264175.801
    1107.808       99.900   237254.145   264175.801
    1108.809     4019.300   237258.996   264175.801
    1109.812     5608.900   237260.746   264175.801
    1110.814     5588.500   237260.754   264175.801
    1111.816     5606.000   237260.754   264175.801
    1112.819     5588.900   237260.754   264175.801
    1113.821     5471.800   237260.754   264175.801
    1114.822     1578.400   237482.164   264655.949
    1115.824      112.800   236037.480   262525.457
    1116.825       98.900   200838.625   227743.312
    1117.827       99.900   175190.176   202549.457
    1118.828      100.900   139464.547   169096.797
    1119.830       99.900   107448.512   132718.348
    1120.831       99.900    78709.891   104434.320
    1121.833       99.900    41175.371    68528.762
    1122.834       99.900     3932.773    30376.977
