# Elapsed time   CPU (%)     Real (MB)   Virtual (MB)
       0.002        0.000    28259.324    52642.367
       1.004     1917.100    28267.938    52642.367
       2.005     2524.300    28408.777    52642.367
       3.006     3046.900    33644.254    57544.508
       4.008       19.000    33644.254    57544.508
       5.010       56.900    24783.961    49262.934
       6.011      556.200    25376.148    49262.934
       7.013       22.000    25376.148    49262.934
       8.014       52.900    24930.457    49262.934
       9.016      564.000    25377.703    49262.934
      10.017       20.000    25377.703    49262.934
      11.019       48.900    24895.918    49262.934
      12.020      555.000    25378.840    49262.934
      13.022       20.000    25378.840    49262.934
      14.024       45.900    24904.273    49262.934
      15.025      557.000    25385.523    49262.934
      16.027       20.000    25385.523    49262.934
      17.028       43.900    24900.129    49262.934
      18.030      490.200    25386.797    49262.934
      19.032       93.900    25386.797    49262.934
      20.033       46.900    24952.965    49262.934
      21.035      477.200    25109.047    49019.055
      22.036       43.900    24601.480    48600.398
      23.038     4473.600    24352.496    48218.926
      24.039     5051.200    26659.867    51180.688
      25.041     5142.000    30352.570    54291.352
      26.042      800.700    31526.270    55319.957
      27.044       29.000    31283.188    55738.613
      28.046      354.400    31455.770    55738.613
      29.048      236.600    31944.066    55738.613
      30.049       48.900    31553.480    55738.613
      31.051      550.100    31944.734    55738.613
      32.053       14.000    31944.734    55738.613
      33.054       78.900    31822.531    55738.613
      34.055      539.200    31944.488    55738.613
      35.057       30.900    31238.082    55738.613
      36.059      322.500    31319.309    55113.262
      37.060      276.600    31944.500    55738.613
      38.062       43.900    31491.266    55738.613
      39.063      555.100    31944.770    55738.613
      40.065       14.000    31944.770    55738.613
      41.066       71.900    31795.754    55738.613
      42.068      452.200    31664.836    55494.734
      43.070     1950.800    30909.711    54694.605
      44.071     5588.500    30909.711    54694.605
      45.073     4902.500    30909.711    54694.605
      46.074     3737.300    30909.711    54694.605
      47.076     4054.100    30909.711    54694.605
      48.077     5221.200    32354.531    56029.867
      49.078     5137.300    38160.566    62201.656
      50.080     4973.600    44510.773    68713.934
      51.082     2634.700    49229.941    73565.949
      52.083     4584.200    54201.867    77880.336
      53.085     5526.500    63788.012    88657.859
      54.087     2605.900    67815.160    93011.117
      55.088      495.200    68979.348    94157.633
      56.090       19.000    68979.348    94157.633
      57.091       26.000    68732.656    95357.891
      58.093       71.900    69566.938    95357.891
      59.095      769.800    69033.430    94211.375
      60.096      490.200    70179.316    95357.766
      61.098       20.000    70179.316    95357.766
      62.099       24.000    68663.789    95357.578
      63.101       70.900    69532.102    95357.578
      64.102      740.900    69032.969    94211.188
      65.104      498.200    70179.824    95357.703
      66.106       22.000    70179.824    95357.703
      67.107       31.000    68751.367    95357.891
      68.109       82.900    69676.398    95357.891
      69.110      768.900    69033.531    94211.375
      70.111      483.200    70179.660    95357.891
      71.113       14.000    70179.660    95357.891
      72.115       53.900    69012.180    95357.891
      73.116       80.900    69944.430    95357.891
      74.118     1442.500    70180.816    95357.766
      75.119       31.900    70180.816    95357.766
      76.121        6.000    70180.816    95357.766
      77.123       67.900    69169.559    95357.578
      78.124       82.900    70107.961    95357.578
      79.126     1324.900    70182.500    95357.703
      80.127       32.000    70182.500    95357.703
      81.129        3.000    69803.672    95357.703
      82.130       74.900    69336.184    95357.891
      83.132      517.200    70183.574    95357.891
      84.133      842.600    70184.254    95357.891
      85.135       25.000    70184.254    95357.891
      86.136       17.000    68602.469    95357.891
      87.137       74.000    69549.930    95357.891
      88.139      951.500    69039.113    94211.375
      89.140      392.400    70185.469    95357.766
      90.142       20.000    70185.469    95357.766
      91.143       34.900    68822.309    95357.578
      92.145       79.900    69779.309    95357.578
      93.146      712.000    70484.594    96441.508
      94.147      368.400    71631.715    97588.023
      95.149       22.000    71631.715    97588.023
      96.151        3.000    71631.715    97588.023
      97.152       67.900    70737.910    97588.211
      98.154      331.500    72620.988    98787.840
      99.155      708.900    73352.012    98787.840
     100.157       32.000    73352.012    98787.840
     101.159        5.000    72291.457    98787.840
     102.160       73.900    72582.242    98787.840
     103.162      616.000    73926.750   100223.582
     104.163      413.300    75073.254   101369.973
     105.165       30.000    75073.254   101369.973
     106.167        9.000    73380.934   101369.785
     107.168       73.900    74341.285   101369.785
     108.170      619.000    75647.004   101612.211
     109.171      402.400    76792.949   102758.727
     110.173       23.000    76792.949   102758.727
     111.174       22.000    75254.234   102758.914
     112.176       73.900    76185.711   102758.914
     113.178      617.000    77368.152   103070.777
     114.179      404.400    78515.012   104217.293
     115.181       26.000    78515.012   104217.293
     116.182       18.000    76938.238   104217.293
     117.184       72.900    77898.332   104217.293
     118.185      614.100    79088.094   104602.094
     119.186      421.300    80233.660   105748.484
     120.188       29.900    80233.660   105748.484
     121.190       14.000    78621.480   105748.297
     122.191       75.900    79584.668   105748.297
     123.193      619.000    80808.992   106209.910
     124.194      450.300    81955.582   107356.426
     125.196       32.000    81955.582   107356.426
     126.197        3.000    81955.582   107356.426
     127.199       72.900    81082.176   107356.613
     128.201      483.200    83493.723   109045.055
     129.202      571.100    83675.441   109045.055
     130.204       31.000    83675.441   109045.055
     131.205       11.000    81998.730   109045.055
     132.207       83.900    82986.668   109045.055
     133.208      628.000    84249.223   109671.543
     134.210      423.300    85396.914   110817.934
     135.212       23.000    85396.914   110817.934
     136.213       26.000    83940.941   110817.746
     137.214       72.900    84916.504   110817.746
     138.216      621.000    85970.898   111533.047
     139.217      428.300    87116.883   112679.562
     140.219       24.000    87116.883   112679.562
     141.221       24.000    85611.805   112679.750
     142.222       76.900    86615.984   112679.750
     143.224      626.100    87690.902   113488.113
     144.225      385.400    88837.691   114634.629
     145.227       15.000    88837.691   114634.629
     146.229       44.900    87635.801   114634.629
     147.230       71.900    88644.879   114634.629
     148.232      870.700    90169.121   116298.414
     149.233       22.000    90169.121   116298.414
     150.234       47.900    88995.871   115715.070
     151.236     1461.000    90169.992   117113.027
     152.237     5552.900    92482.492   119376.344
     153.239     5514.700    94968.051   121752.910
     154.240     5491.700    97346.770   124248.352
     155.242     5466.900    98430.879   124248.352
     156.244     2126.400    99570.469   125394.867
     157.245       28.000    99570.469   125394.867
     158.247       14.000    98548.359   125978.211
     159.248       69.900    99590.180   125978.211
     160.250      829.500   100153.270   125978.086
     161.252       32.000   100153.270   125978.086
     162.253        7.000    99577.770   125978.086
     163.255       71.900    99383.441   125977.898
     164.256      456.400    99007.090   124831.508
     165.257      413.300   100153.684   125978.023
     166.259        9.000   100153.684   125978.023
     167.261       64.900    99275.574   125978.211
     168.262      463.300    99007.879   124831.695
     169.264      421.300   100154.445   125978.211
     170.265       15.000   100154.445   125978.211
     171.267       43.900    99002.797   125978.211
     172.269       70.900   100000.531   125978.211
     173.270      793.800   100055.918   125880.906
     174.272       21.000   100055.918   125880.906
     175.273       44.900    98790.316   125734.977
     176.274       85.900    99840.387   125734.977
     177.276     4978.400    98868.777   124685.766
     178.277     4422.100    98869.086   124685.766
     179.279     5181.100    98869.086   124685.766
     180.280     4200.800    98869.211   124685.766
     181.282      430.300   100059.766   125884.309
     182.284       15.000   100059.766   125884.309
     183.285       44.900    99002.207   126108.266
     184.287       70.900   100041.707   126108.266
     185.289      846.500   100290.531   126108.391
     186.290       27.000   100290.531   126108.391
     187.292       13.000    98574.516   126108.578
     188.293       69.900    99616.336   126108.578
     189.295      492.200    99194.570   126108.453
     190.297      399.300   100290.531   126108.453
     191.299        8.000   100290.531   126108.453
     192.300       53.900    99220.094   126108.266
     193.302       65.900   100270.938   126108.266
     194.303      834.500   100290.945   126108.266
     195.305       20.000   100290.945   126108.266
     196.307       29.000    98830.680   126108.266
     197.308       67.900    99891.062   126108.266
     198.310      970.300   100190.023   126006.711
     199.312       29.900   100190.023   126006.711
     200.313       19.000    98573.266   125854.406
     201.315       68.900    99628.750   125854.406
     202.316     3136.100    98947.512   124757.418
     203.318     5358.000    98947.512   124757.418
     204.319     5299.300    98947.512   124757.418
     205.321     5286.300    98947.512   124757.418
     206.322     5313.100    98947.512   124757.418
     207.324     4144.800    98947.512   124757.418
     208.325      458.300   100139.605   125955.961
     209.327       15.000   100139.605   125955.961
     210.329       44.900    99050.012   126108.266
     211.330       68.900   100106.527   126108.266
     212.332      863.700   100291.387   126108.391
     213.333       28.000   100291.387   126108.391
     214.335       15.000    98598.316   126108.578
     215.336       67.900    99658.441   126108.578
     216.337      660.200    99616.121   126108.453
     217.339      286.500   100292.105   126108.453
     218.340        9.000   100292.105   126108.453
     219.342       67.900    99208.832   126108.266
     220.344       84.900   100283.137   126108.266
     221.345      892.600   100291.152   126108.266
     222.347       24.000   100291.152   126108.266
     223.348       23.000    98687.559   126108.266
     224.350       68.900    99718.035   126108.266
     225.351      569.100    99092.797   124909.723
     226.353      418.300   100188.797   126006.711
     227.354        6.000   100188.797   126006.711
     228.356       63.900    99210.914   125854.406
     229.358      905.500    98947.367   124757.418
     230.359     5553.500    98947.512   124757.418
     231.361     3868.100    98947.512   124757.418
     232.363     4734.200    98947.512   124757.418
     233.365     3257.800    99324.266   126008.117
     234.367      370.300   100191.250   126008.117
     235.368       10.000   100191.250   126008.117
     236.370       47.900    99142.391   126238.641
     237.372       66.900   100218.242   126238.641
     238.373      953.300   100421.242   126238.641
     239.375       31.900   100421.242   126238.641
     240.377        1.000   100421.242   126238.641
     241.378       68.900    99419.641   126238.641
     242.380      231.700   100421.242   126238.641
     243.381      801.600   100420.328   126238.641
     244.383       27.000   100420.328   126238.641
     245.384       18.000    98659.984   126238.641
     246.386       74.900    99689.945   126238.641
     247.387      505.300    99169.820   124987.941
     248.389      490.200   100422.008   126238.641
     249.390       16.000   100422.008   126238.641
     250.392       44.900    98999.398   126238.641
     251.393       85.900   100066.227   126238.641
     252.395      902.600   100315.953   126132.582
     253.396       32.900   100315.953   126132.582
     254.398        6.000    99178.711   126132.582
     255.399       69.900    99479.867   125973.523
     256.401     1786.000    99012.391   124828.883
     257.403     5298.200    99018.848   124828.883
     258.404      510.200   100262.016   126079.582
     259.406       19.000   100262.016   126079.582
     260.408       30.000    98833.477   126238.641
     261.409       63.900    99437.273   126238.641
     262.411       63.900   100003.172   126238.641
     263.412      641.800    99456.207   125369.414
     264.414       40.900    97864.473   123922.875
     265.415     3998.300    97724.062   123541.402
     266.417     4879.600    97731.332   123541.402
     267.419     3903.500    97731.332   123541.402
     268.421      525.100    98975.434   124792.102
     269.423       19.000    98975.434   124792.102
     270.424       38.000    98962.027   126238.641
     271.425       85.900   100019.316   126238.641
     272.427     1003.400   100421.512   126238.641
     273.429       34.900   100421.512   126238.641
     274.430        3.000   100421.512   126238.641
     275.431       73.900    99320.910   126238.641
     276.433       85.900   100383.871   126238.641
     277.434      720.900    99744.227   125560.262
     278.436       45.900    98321.102   124542.883
     279.437     3278.300    98158.508   123970.562
     280.438     5590.900    98160.625   123970.562
     281.440     3583.100    99292.582   125221.262
     282.442      172.700    99404.730   125221.262
     283.443        8.000    99404.730   125221.262
     284.445       54.900    99228.820   126238.641
     285.446       75.900   100288.945   126238.641
     286.448      946.300   100421.250   126238.641
     287.450       30.000   100421.250   126238.641
     288.451       12.000    98589.375   126238.641
     289.453       76.900    99657.234   126238.641
     290.454      753.800    99743.883   125560.262
     291.456       73.900    99743.883   125560.262
     292.458       66.900    98661.727   124542.883
     293.459     5114.800    98160.656   123970.562
     294.461     3451.700    98160.656   123970.562
     295.462     5588.400    98160.656   123970.562
     296.465     4394.800    98160.656   123970.562
     297.467     2021.700    99404.234   125221.262
     298.468       30.000    99404.234   125221.262
     299.470        3.000    98763.934   125221.262
     300.471       70.900    99579.996   126238.641
     301.473      473.200    99171.043   124987.941
     302.474      524.100   100422.203   126238.641
     303.476       16.000   100422.203   126238.641
     304.478       33.900    98935.281   126238.641
     305.479       67.900    99990.250   126238.641
     306.480      746.800    99743.289   125560.262
     307.482       27.000    98001.648   124542.883
     308.484     1680.400    98160.656   123970.562
     309.485     5614.800    98160.656   123970.562
     310.487     4285.500    98160.656   123970.562
     311.488      523.200    99404.371   125221.262
     312.490       10.000    99404.371   125221.262
     313.491       45.900    99157.836   126238.641
     314.493       68.900   100200.688   126238.641
     315.494      972.400   100422.121   126238.641
     316.496       32.000   100422.121   126238.641
     317.497        3.000   100422.121   126238.641
     318.499       63.900    99372.566   126238.641
     319.500       70.900   100386.027   126238.641
     320.502      724.800    99743.238   125560.262
     321.503       38.900    98323.980   124542.883
     322.505     3349.000    98153.762   123970.562
     323.507     4784.200    98160.590   123970.562
     324.509     5607.600    98160.590   123970.562
     325.512     5530.000    98160.590   123970.562
     326.513     2693.800    99403.734   125221.262
     327.515       33.000    99403.734   125221.262
     328.516        4.000    99403.734   125221.262
     329.517       58.900    99385.172   126238.641
     330.519      103.800   100421.062   126238.641
     331.521      946.400   100421.289   126238.641
     332.522       27.000   100421.289   126238.641
     333.524       14.000    98622.789   126238.641
     334.525       67.900    99674.148   126238.641
     335.527      510.000    99178.117   125560.262
     336.529      294.500    99743.242   125560.262
     337.531       76.900    98659.656   124542.883
     338.532     4317.300    98160.590   123970.562
     339.534      357.400    98921.902   124738.992
     340.535       35.900    98537.246   125033.102
     341.537     1842.000    98448.695   124264.672
     342.539     5272.800    98449.191   124264.672
     343.542     3922.800    98919.992   125417.316
     344.544      333.400    99600.359   125417.316
     345.545        6.000    99600.359   125417.316
     346.547       63.900    99355.695   125993.531
     347.548     1098.300    99024.117   124840.887
     348.550     4157.800    99904.980   125993.531
     349.552      197.700   100176.496   125993.531
     350.553        6.000   100176.496   125993.531
     351.555       63.900    99278.277   125993.531
     352.557      716.900    99646.320   125993.531
     353.558     5016.400    99030.965   124840.887
     354.561     5608.800    99030.965   124840.887
     355.563     1989.500   100176.770   125993.531
     356.565       27.000   100176.770   125993.531
     357.567       22.000    98664.926   125993.531
     358.568       69.900    99709.836   125993.531
     359.570     2924.500    99030.980   124840.887
     360.571     2385.200   100177.199   125993.531
     361.573       27.000   100177.199   125993.531
     362.574       29.000    98761.277   125993.531
     363.576       66.900    99814.441   125993.531
     364.577     3504.700    99030.980   124840.887
     365.579     5170.200    99030.980   124840.887
     366.581     4032.900    99141.281   125993.531
     367.583      444.200   100176.141   125993.531
     368.585        7.000   100176.141   125993.531
     369.586       64.900    99315.289   125993.531
     370.588      858.700    99029.824   124840.887
     371.589     4297.500    99030.980   124840.887
     372.591      475.200   100175.629   125993.531
     373.592        8.000   100175.629   125993.531
     374.594       67.900    99334.113   125993.531
     375.595      980.400    99027.574   124840.887
     376.597     5093.200    99030.980   124840.887
     377.600     5585.500    99030.980   124840.887
     378.602     1319.800   100177.020   125993.531
     379.604       22.000   100177.020   125993.531
     380.605       31.000    98801.832   125993.531
     381.607       67.900    99852.160   125993.531
     382.608     3685.200    99030.980   124840.887
     383.610     1910.100   100175.262   125993.531
     384.611       23.000   100175.262   125993.531
     385.613       30.000    98774.293   125993.531
     386.614       66.900    99835.707   125993.531
     387.616     3604.700    99024.551   124840.887
     388.618     4971.500    99030.980   124840.887
     389.620     5606.700    99030.980   124840.887
     390.623     5018.800    99030.980   124840.887
     391.624      531.200   100274.207   126091.586
     392.626       19.000   100274.207   126091.586
     393.627       40.900    99039.527   126238.641
     394.629       69.900   100067.426   126238.641
     395.630      638.000    99455.988   125369.414
     396.632     2497.400    97729.965   123541.402
     397.633     4040.300    97864.055   124792.102
     398.635      472.200    98974.344   124792.102
     399.637       10.000    98974.344   124792.102
     400.638       52.900    99296.188   126238.641
     401.640       66.900   100353.734   126238.641
     402.641      625.900    97705.465   123922.875
     403.643     3966.800    97723.680   123541.402
     404.645     4827.500    97731.332   123541.402
     405.647     5585.200    97731.332   123541.402
     406.650     5391.200    97731.332   123541.402
     407.652     1637.400    98974.809   124792.102
     408.653       28.000    98974.809   124792.102
     409.655       11.000    98664.918   126238.641
     410.656       69.900    99712.410   126238.641
     411.658      646.900    99456.090   125369.414
     412.659      962.300    97725.164   123541.402
     413.661     5173.100    97731.332   123541.402
     414.662      534.100    98975.191   124792.102
     415.664       20.000    98975.191   124792.102
     416.666       47.900    99137.871   126238.641
     417.667       75.900   100153.137   126238.641
     418.669      666.800    99456.719   125369.414
     419.670     2817.900    97725.188   123541.402
     420.672     4825.400    97725.340   123541.402
     421.674     5609.500    97731.332   123541.402
     422.676     5608.100    97731.332   123541.402
     423.679     2845.800    98974.312   124792.102
     424.680       33.000    98974.312   124792.102
     425.682        4.000    98974.312   124792.102
     426.683       83.900    99437.859   126238.641
     427.685      480.300   100420.898   126238.641
     428.686      300.600    97847.953   123922.875
     429.688     3110.300    98109.207   123925.617
     430.689       47.900    98128.801   124072.672
     431.690     4659.500    97877.281   123688.457
     432.693     5607.500    97878.496   123688.457
     433.696     2615.700    98543.215   124360.832
     434.697       17.000    98023.465   124792.992
     435.699      521.300    98303.117   124120.617
     436.700     4509.600    98975.875   124792.992
     437.702       20.000    98975.875   124792.992
     438.703       55.900    98755.703   124792.992
     439.705     4322.600    98306.172   124120.617
     440.707     5171.900    98310.625   124120.617
     441.709     5480.500    98310.637   124120.617
     442.711      830.600    98976.914   124792.992
     443.713       30.900    98386.523   124792.992
     444.714     2419.300    98305.523   124120.617
     445.716     2904.200    98975.234   124792.992
     446.717       18.000    97998.551   124792.992
     447.719      322.500    98515.277   124792.992
     448.720     5272.600    98304.180   124120.617
     449.722     5214.800    98310.711   124120.617
     450.724     4688.300    98310.711   124120.617
     451.726      324.500    98975.352   124792.992
     452.727       43.900    98611.246   124792.992
     453.729     3576.600    98305.344   124120.617
     454.730     1365.800    98976.371   124792.992
     455.732       26.000    98291.289   124792.992
     456.734     1922.900    98309.699   124120.617
     457.735     5590.300    98310.711   124120.617
     458.737     4935.500    98310.711   124120.617
     459.740     5586.100    98310.711   124120.617
     460.742     5606.900    98310.711   124120.617
     461.745     5608.500    98310.711   124120.617
     462.747     5585.700    98310.711   124120.617
     463.750     5606.200    98310.711   124120.617
     464.753     5606.200    98310.711   124120.617
     465.756     5584.000    98310.711   124120.617
     466.758     5608.100    98310.711   124120.617
     467.761     5609.800    98310.711   124120.617
     468.763     5583.400    98310.711   124120.617
     469.765     5611.000    98310.711   124120.617
     470.768     5586.300    98310.711   124120.617
     471.770     3626.400    98310.711   124120.617
     472.772     2429.000    99554.238   125371.316
     473.774       31.900    99554.238   125371.316
     474.775        5.000    99554.238   125371.316
     475.777       58.900    99394.062   126238.641
     476.778      186.700   100421.562   126238.641
     477.779      890.600   100420.934   126238.641
     478.781       24.000   100420.934   126238.641
     479.782       17.000    98700.434   126238.641
     480.784       67.900    99750.762   126238.641
     481.786      747.800    99232.840   125369.414
     482.787      827.200    99177.625   124987.941
     483.790     5607.400    99177.930   124987.941
     484.793     5605.200    99178.035   124987.941
     485.795     5586.400    99178.035   124987.941
     486.798     5604.900    99178.035   124987.941
     487.801     5607.700    99178.035   124987.941
     488.804     5584.800    99178.035   124987.941
     489.806     4929.100    99178.035   124987.941
     490.808     1119.100    99432.297   125497.418
     491.809      128.800    92982.258   118578.867
     492.811       99.900    58642.625    84325.824
     493.812       98.900    24939.438    50289.332
