# Elapsed time   CPU (%)     Real (MB)   Virtual (MB)
       0.004        0.000    16112.840    41013.555
       1.005     4512.000    16113.770    41013.555
       2.007     3835.000    16113.770    41013.555
       3.008     3374.900    16294.535    41013.555
       4.010     1669.400    16561.785    41561.996
       5.011     3189.200    16563.344    41561.996
       6.013     3378.200    20818.258    45408.906
       7.015      393.300    22358.191    46884.355
       8.016       19.000    22358.191    46884.355
       9.018        3.000    22358.191    46884.355
      10.020       51.900    17594.559    43222.434
      11.021       48.900    18169.996    43222.434
      12.022      316.700    18707.121    43222.434
      13.023      789.700    18706.871    43222.434
      14.025       21.000    18706.871    43222.434
      15.027        8.000    18706.871    43222.434
      16.028       37.900    17552.043    43222.434
      17.030       47.900    18120.223    43222.434
      18.032       54.900    18697.465    43222.434
      19.033      902.600    18708.184    43222.434
      20.035       20.000    18708.184    43222.434
      21.036       12.000    18708.184    43222.434
      22.038       35.900    17428.324    43222.434
      23.040       69.900    17986.230    43222.434
      24.041       69.900    18545.168    43222.434
      25.043      625.000    17693.281    42206.242
      26.045      286.500    18391.512    42903.758
      27.046        9.000    17936.918    42903.758
      28.048       71.900    17410.199    42425.832
      29.049      506.100    17216.984    41728.316
      30.051     5102.800    20366.262    44912.086
      31.053     5086.300    22841.836    47231.285
      32.054     2867.300    26580.074    50974.137
      33.056       21.000    26580.074    50974.137
      34.058       14.000    26580.074    50974.137
      35.059       30.900    25743.078    51452.062
      36.061       70.900    26303.562    51452.062
      37.062       71.900    26888.281    51452.062
      38.064      761.700    27059.855    51452.062
      39.066       19.000    27059.855    51452.062
      40.067        9.000    27059.855    51452.062
      41.069       40.900    25853.730    51452.062
      42.070       61.900    26414.988    51452.062
      43.072       63.900    26979.855    51452.062
      44.073      959.300    27059.652    51452.062
      45.075       19.000    27059.652    51452.062
      46.077        9.000    27059.652    51452.062
      47.078       39.900    25917.207    51452.062
      48.080       58.900    26480.270    51452.062
      49.081       56.900    27052.613    51452.062
      50.083      839.500    26740.711    51133.387
      51.085       20.000    26740.711    51133.387
      52.086       46.900    25653.168    50655.461
      53.088       70.900    26218.777    50655.461
      54.089     4777.600    25572.598    49957.945
      55.091     4054.800    25572.832    49957.945
      56.092     5357.000    26637.328    51168.707
      57.094     4920.600    33062.574    57490.625
      58.095     4338.500    38841.492    63692.527
      59.097     3478.200    44588.066    69616.547
      60.098      505.100    45804.953    70815.090
      61.100       19.000    45804.953    70815.090
      62.102        8.000    45804.953    70815.090
      63.103       27.000    45025.707    71566.492
      64.105       42.900    45584.129    71566.492
      65.106       46.900    46142.551    71566.492
      66.108      498.200    45358.051    70367.949
      67.109      496.100    46556.523    71566.492
      68.111       22.000    46556.523    71566.492
      69.113        8.000    46556.523    71566.492
      70.115       42.900    45052.188    71566.492
      71.117       70.900    45615.766    71566.492
      72.118       69.900    46179.344    71566.492
      73.120      516.100    45358.121    70367.949
      74.122      481.100    46556.805    71566.617
      75.123       22.000    46556.805    71566.617
      76.125        8.000    46556.805    71566.617
      77.126       62.900    45218.227    71566.805
      78.128       67.900    45776.391    71566.805
      79.129       69.900    46336.875    71566.805
      80.131     1364.700    46557.996    71566.680
      81.133       20.000    46557.996    71566.680
      82.134       18.000    46557.996    71566.680
      83.136        3.000    46557.996    71566.680
      84.138       54.900    45281.363    71566.492
      85.139       69.900    45839.527    71566.492
      86.141       70.900    46397.949    71566.492
      87.143     1258.900    46557.961    71566.492
      88.144       21.000    46557.961    71566.492
      89.146       21.000    46557.961    71566.492
      90.148        1.000    46557.961    71566.492
      91.149       71.900    45280.742    71566.492
      92.151       59.900    45838.906    71566.492
      93.153       45.900    46399.648    71566.492
      94.154     1284.900    46561.891    71566.617
      95.156       20.000    46561.891    71566.617
      96.158       18.000    46561.891    71566.617
      97.159        3.000    46220.945    71566.617
      98.161       48.900    45308.391    71566.805
      99.162       46.900    45874.797    71566.805
     100.164       45.900    46441.953    71566.805
     101.165     1946.000    46563.871    71566.680
     102.167       19.000    46563.871    71566.680
     103.168       19.000    46563.871    71566.680
     104.170        2.000    46563.871    71566.680
     105.171       60.900    45214.535    71566.492
     106.173       67.900    45777.340    71566.492
     107.174       67.900    46335.762    71566.492
     108.176     1085.300    46696.238    72114.332
     109.177      390.400    47894.574    73312.875
     110.179       20.000    47894.574    73312.875
     111.180        5.000    47894.574    73312.875
     112.182       57.900    46522.906    73312.875
     113.183       66.900    47082.875    73312.875
     114.185       66.900    47642.586    73312.875
     115.186     1027.600    49691.980    75238.820
     116.187       57.900    49691.980    75238.820
     117.189       18.000    49691.980    75238.820
     118.190        3.000    49691.980    75238.820
     119.192       48.900    48335.715    75239.008
     120.194       55.900    48894.137    75239.008
     121.195       56.900    49452.559    75239.008
     122.196      799.700    50293.473    75076.281
     123.198      391.400    51492.316    76274.824
     124.199       19.000    51492.316    76274.824
     125.201        5.000    51492.316    76274.824
     126.203       51.900    50073.422    76274.637
     127.204       67.900    50635.453    76274.637
     128.205       66.900    51194.133    76274.637
     129.207      771.600    52092.938    77306.414
     130.209      396.300    53291.469    78504.957
     131.210       18.000    53291.469    78504.957
     132.212        7.000    53291.469    78504.957
     133.213       41.900    51860.953    78504.957
     134.215       56.900    52420.406    78504.957
     135.216       59.900    52978.828    78504.957
     136.218      758.800    53963.176    78887.516
     137.219     4293.600    55304.766    81088.301
     138.221     5312.300    57141.586    82477.117
     139.222     5309.300    58976.348    83935.496
     140.224     3097.000    60174.930    85134.039
     141.225       19.000    60174.930    85134.039
     142.227       20.000    60174.930    85134.039
     143.228        2.000    60174.930    85134.039
     144.230       60.900    58846.625    85134.039
     145.231       66.900    59405.562    85134.039
     146.233       66.900    59969.656    85134.039
     147.234      897.600    60174.438    85134.039
     148.236       18.000    60174.438    85134.039
     149.237       19.000    60174.438    85134.039
     150.239        0.000    60174.438    85134.039
     151.240       61.900    58915.797    85134.039
     152.242       58.900    59474.477    85134.039
     153.243       57.900    60034.445    85134.039
     154.245      840.700    59893.965    84852.258
     155.247       18.000    59893.965    84852.258
     156.248        7.000    59893.965    84852.258
     157.250       47.900    58522.660    84429.664
     158.251       56.900    59082.113    84429.664
     159.253     1559.600    58554.582    83512.902
     160.254     4858.500    58560.926    83512.902
     161.256     4139.800    58560.926    83512.902
     162.257      448.300    59804.441    84763.602
     163.259       18.000    59804.441    84763.602
     164.261       10.000    59804.441    84763.602
     165.262       26.000    58633.457    85264.414
     166.263       60.900    59195.746    85264.414
     167.265       60.900    59759.582    85264.414
     168.266      235.700    60305.371    85264.414
     169.268      751.600    60304.941    85264.414
     170.270       18.000    60304.941    85264.414
     171.271       16.000    60304.941    85264.414
     172.273        7.000    58460.809    85264.414
     173.274       61.900    59019.488    85264.414
     174.276       58.900    59582.551    85264.414
     175.277       61.900    60144.324    85264.414
     176.279      863.700    60010.859    84970.250
     177.281       20.000    60010.859    84970.250
     178.282       11.000    60010.859    84970.250
     179.283       44.900    58463.727    84529.086
     180.285       67.900    59029.883    84529.086
     181.286      255.600    59569.742    84529.086
     182.288     5423.700    58613.715    83572.551
     183.290     5610.700    58613.715    83572.551
     184.291     3257.200    59864.160    84823.250
     185.292       48.900    59864.160    84823.250
     186.294       20.000    59864.160    84823.250
     187.296        5.000    59864.160    84823.250
     188.297       51.900    58834.973    85264.414
     189.298       68.000    59393.395    85264.414
     190.299       66.900    59953.879    85264.414
     191.301      549.200    59054.703    84013.715
     192.302      431.700    60305.730    85264.414
     193.303       19.000    60305.730    85264.414
     194.305        9.000    60305.730    85264.414
     195.307       33.900    58698.012    85264.414
     196.308       60.900    59266.746    85264.414
     197.310       62.900    59828.262    85264.414
     198.311      523.200    59055.125    84013.715
     199.313      384.400    60012.016    84970.250
     200.314       19.000    60012.016    84970.250
     201.316        8.000    58162.727    84529.086
     202.318       59.900    58735.328    84529.086
     203.319       59.900    59293.750    84529.086
     204.320     2659.000    58614.613    83572.551
     205.322     4556.900    58620.738    83572.551
     206.324     3244.100    58620.738    83572.551
     207.325      453.300    59864.086    84823.250
     208.327       19.000    59864.086    84823.250
     209.328        8.000    59864.086    84823.250
     210.330       27.000    58713.727    85264.414
     211.332       45.900    59286.586    85264.414
     212.333       44.900    59853.258    85264.414
     213.335      511.200    59054.551    84013.715
     214.336      471.300    60306.402    85264.414
     215.338       18.000    60306.402    85264.414
     216.339       12.000    60306.402    85264.414
     217.341       19.000    58561.270    85264.414
     218.342       52.900    59122.270    85264.414
     219.344       45.900    59705.441    85264.414
     220.345       45.900    60291.965    85264.414
     221.347      850.500    60011.645    84970.250
     222.349       18.000    60011.645    84970.250
     223.350        5.000    60011.645    84970.250
     224.352       48.900    58658.902    84529.086
     225.353       66.900    59227.895    84529.086
     226.355     2036.800    58614.258    83572.551
     227.356     2786.800    59478.215    84437.035
     228.358       21.000    59478.215    84437.035
     229.359        6.000    59478.215    84437.035
     230.361       65.900    58563.496    84298.984
     231.362       67.900    59127.332    84298.984
     232.363     2892.900    58476.129    83434.500
     233.365     4478.500    58482.551    83434.500
     234.366      490.200    59726.199    84685.199
     235.368       21.000    59726.199    84685.199
     236.370        9.000    59726.199    84685.199
     237.371       42.900    58764.559    85264.414
     238.373       72.900    59439.512    85264.414
     239.374       74.900    60150.043    85264.414
     240.376      745.700    59533.027    84491.984
     241.378       33.900    57909.840    83333.555
     242.379     1485.900    57896.535    82855.285
     243.381     5477.000    57903.504    82855.285
     244.382      677.000    59146.570    84105.984
     245.384       20.000    59146.570    84105.984
     246.385       11.000    59146.570    84105.984
     247.387       38.900    58754.695    85264.414
     248.388       72.900    59433.000    85264.414
     249.390       73.900    60138.891    85264.414
     250.391      736.800    59532.785    84491.984
     251.393       28.000    57807.246    83333.555
     252.394      800.800    57896.508    82855.285
     253.396     4967.400    57896.508    82855.285
     254.397     4842.900    57903.504    82855.285
     255.399     1548.700    59145.836    84105.984
     256.400       19.000    59145.836    84105.984
     257.402       13.000    59145.836    84105.984
     258.403       27.000    58695.953    85264.414
     259.405       64.900    59376.578    85264.414
     260.406       63.900    60024.203    85264.414
     261.408      752.900    59531.664    84491.984
     262.409       13.000    58394.098    84491.984
     263.411       66.900    58296.742    83333.555
     264.412     4786.300    57896.230    82855.285
     265.414     3020.900    59146.895    84105.984
     266.415       19.000    59146.895    84105.984
     267.417       20.000    59146.895    84105.984
     268.418        0.000    59146.895    84105.984
     269.420       64.900    59077.285    85264.414
     270.421       65.900    59770.027    85264.414
     271.422      535.300    59054.613    84013.715
     272.424      267.600    59533.133    84491.984
     273.425       55.900    58134.758    83333.555
     274.427     3494.300    57896.613    82855.285
     275.429     4833.900    57903.195    82855.285
     276.430     4908.300    57903.504    82855.285
     277.431     1059.300    59147.230    84105.984
     278.433       24.000    59147.230    84105.984
     279.435        8.000    59147.230    84105.984
     280.436       70.900    59073.496    85264.414
     281.438       76.900    59790.730    85264.414
     282.439      534.200    59055.027    84013.715
     283.440      272.500    59532.750    84491.984
     284.442       56.900    58110.141    83333.555
     285.443     2557.000    58326.773    83287.527
     286.445       13.000    58326.773    83287.527
     287.446      101.900    58257.680    83218.500
     288.448     5296.700    57827.453    82786.258
     289.450     1231.000    58475.188    83434.621
     290.451       10.000    58475.188    83434.621
     291.452       73.900    58477.766    83758.742
     292.454     2718.600    58151.469    83110.379
     293.455     1158.100    58800.289    83758.742
     294.457       19.000    57905.938    83758.742
     295.458       72.900    58573.672    83758.742
     296.460     3521.300    58152.266    83110.379
     297.461     3964.700    58153.223    83110.379
     298.463      334.400    58800.648    83758.742
     299.465       31.000    58073.617    83758.742
     300.466       73.900    58726.656    83758.742
     301.467     3728.100    58742.738    83758.742
     302.469      143.800    58798.684    83758.742
     303.470       28.000    58036.332    83758.742
     304.472       58.900    58699.426    83758.742
     305.473     4207.700    58151.418    83110.379
     306.475     3652.900    58799.566    83758.742
     307.476       19.000    58799.566    83758.742
     308.478       27.000    58103.215    83758.742
     309.479       57.900    58780.746    83758.742
     310.481     3803.000    58800.609    83758.742
     311.483       21.000    58800.609    83758.742
     312.484       28.000    58128.492    83758.742
     313.486       56.900    58789.266    83758.742
     314.487     4958.200    58152.828    83110.379
     315.489     2881.300    58799.441    83758.742
     316.490       17.000    58799.441    83758.742
     317.492       50.900    58395.707    83758.742
     318.494     2604.600    58152.676    83110.379
     319.495      518.200    58799.320    83758.742
     320.497       28.000    58058.367    83758.742
     321.498       61.900    58793.906    83758.742
     322.500     5219.800    58151.762    83110.379
     323.502     5537.900    58151.762    83110.379
     324.504      959.400    59016.359    83974.863
     325.506       16.000    59016.359    83974.863
     326.507       43.900    58520.844    84298.984
     327.508       65.900    59206.367    84298.984
     328.510     3668.100    58482.105    83434.500
     329.512      391.400    59339.461    84298.984
     330.513       11.000    59339.461    84298.984
     331.515       61.900    58630.734    84298.984
     332.516       66.900    59328.891    84298.984
     333.518     5360.700    58476.059    83434.500
     334.520     5248.100    58482.551    83434.500
     335.522     2666.800    59339.184    84298.984
     336.524       22.000    59339.184    84298.984
     337.526       29.000    58301.230    84298.984
     338.527       62.900    58940.090    84298.984
     339.529     2146.000    58476.062    83434.500
     340.530     1930.800    59338.711    84298.984
     341.532       20.000    59338.711    84298.984
     342.533       35.900    58360.828    84298.984
     343.535       67.900    59022.891    84298.984
     344.536     2842.500    58474.988    83434.500
     345.539     5327.800    58476.113    83434.500
     346.541     4766.600    58482.352    83434.500
     347.542      393.400    59340.801    84298.984
     348.544       14.000    59340.801    84298.984
     349.545       61.900    58580.770    84298.984
     350.547       73.900    59232.777    84298.984
     351.548     3051.600    58691.102    83815.973
     352.550     1048.900    58475.891    83434.500
     353.552     5425.100    58478.539    83434.500
     354.554     1309.500    58853.629    83815.973
     355.556       44.900    57970.363    83086.699
     356.557     4031.500    57747.812    82705.227
     357.559      322.500    58124.266    83086.699
     358.561       58.900    58038.930    83086.699
     359.562     4713.100    57746.711    82705.227
     360.564     4772.600    57748.500    82705.227
     361.565      222.700    57579.270    83086.699
     362.566      715.600    57746.188    82705.227
     363.567     3761.800    58124.234    83086.699
     364.569       32.000    57745.766    83086.699
     365.570     2046.300    57747.164    82705.227
     366.573     5380.500    57748.570    82705.227
     367.575     2567.000    58124.188    83086.699
     368.576       37.900    57831.828    83086.699
     369.578     2925.700    57746.316    82705.227
     370.579     1398.700    58125.133    83086.699
     371.581       55.900    58017.367    83086.699
     372.583     4553.800    57747.250    82705.227
     373.585     5214.100    57747.484    82705.227
     374.586     5553.200    57749.562    82705.227
     375.589     5586.300    57750.266    82705.227
     376.591     5610.500    57751.172    82705.227
     377.593     5587.500    57752.797    82705.227
     378.595     5610.400    57753.320    82705.227
     379.597     4462.600    57753.457    82705.227
     380.599     1585.200    58997.219    83955.926
     381.601       25.000    58997.219    83955.926
     382.602       12.000    58997.219    83955.926
     383.604       41.900    58792.773    85264.414
     384.605       76.900    59504.594    85264.414
     385.606       73.900    60193.984    85264.414
     386.607      650.000    59249.820    84395.188
     387.609     2569.400    59062.914    84013.715
     388.611     5587.800    59067.094    84013.715
     389.613     5608.900    59067.211    84013.715
     390.616     5588.000    59067.211    84013.715
     391.618     5610.700    59067.211    84013.715
     392.620     5538.500    59067.211    84013.715
     393.622     2469.900    59289.945    84493.863
     394.623       91.900    58087.395    83559.742
     395.625       99.800    32978.719    58177.707
